1.000000e+00 1.737822e-01 1.034617e-01 6.250402e-02 5.611401e-02 4.220759e-02 3.660219e-02 3.579931e-02 4.199307e-02 3.377955e-02 2.724993e-02 2.613298e-02 2.568773e-02 2.795122e-02 2.236727e-02 2.165244e-02 2.387109e-02 2.038353e-02 1.593959e-02 1.441043e-02 1.757333e-02 1.457195e-02 1.406439e-02 1.509434e-02 1.602853e-02 1.434555e-02 1.276728e-02 1.555231e-02 1.280069e-02 1.384147e-02 1.022164e-02 1.331718e-02 1.056766e-02 1.079103e-02 1.194708e-02 1.162218e-02 1.118118e-02 1.147449e-02 1.125526e-02 9.879996e-03 9.950957e-03 7.550508e-03 5.867989e-03 5.619264e-03 6.252522e-03 5.786221e-03 4.928072e-03 4.914007e-03 3.125811e-03 3.288523e-03 4.637221e-03 4.988830e-03 4.707946e-03 4.311178e-03 4.647102e-03 5.125851e-03 5.952943e-03 3.186222e-03 3.492460e-03 2.969451e-03 4.384103e-03 3.349669e-03 4.198883e-03 3.899750e-03 3.062065e-03 3.737844e-03 3.113536e-03 3.413415e-03 3.988494e-03 5.144120e-03 3.300908e-03 4.504866e-03 3.036592e-03 4.212793e-03 2.522483e-03 4.905528e-03 4.127631e-03 4.079988e-03 4.310726e-03 3.347566e-03 3.054489e-03 3.819574e-03 4.029081e-03 3.081907e-03 2.793654e-03 2.262149e-03 2.635545e-03 2.595144e-03 2.547566e-03 3.482948e-03 2.606444e-03 3.337710e-03 2.844781e-03 2.280020e-03 2.096767e-03 2.774751e-03 2.681318e-03
1.737822e-01 1.000000e+00 3.533560e-01 1.335375e-01 9.439772e-02 5.939769e-02 5.282664e-02 5.503509e-02 5.397204e-02 4.428931e-02 3.362241e-02 3.758895e-02 3.384183e-02 3.563031e-02 3.147881e-02 2.914442e-02 2.440761e-02 2.425142e-02 1.758053e-02 1.629578e-02 1.869200e-02 1.964239e-02 1.640291e-02 1.895312e-02 1.674057e-02 1.562039e-02 1.408691e-02 1.592763e-02 1.595206e-02 1.686575e-02 1.077189e-02 1.633436e-02 1.339170e-02 1.679002e-02 1.345460e-02 1.554012e-02 9.488280e-03 1.211739e-02 1.359921e-02 1.217398e-02 1.307411e-02 9.404695e-03 6.723238e-03 8.055340e-03 8.155186e-03 6.946790e-03 4.619097e-03 5.814131e-03 3.047026e-03 3.698811e-03 4.346481e-03 4.844090e-03 5.378066e-03 6.451231e-03 5.470517e-03 4.812353e-03 7.253624e-03 4.457561e-03 3.234211e-03 2.988997e-03 4.140052e-03 3.316261e-03 4.577755e-03 5.300109e-03 4.938231e-03 5.539306e-03 6.241453e-03 3.435883e-03 2.672975e-03 3.510124e-03 4.469040e-03 4.817011e-03 3.827658e-03 4.106610e-03 3.366357e-03 4.513513e-03 6.226992e-03 5.282156e-03 5.649016e-03 5.272838e-03 4.768655e-03 4.552951e-03 4.531764e-03 4.485480e-03 3.517519e-03 2.572654e-03 3.211395e-03 4.312046e-03 3.518085e-03 3.238805e-03 2.646613e-03 2.904985e-03 2.683625e-03 2.778190e-03 2.554898e-03 3.647940e-03 3.811699e-03
1.034617e-01 3.533560e-01 1.000000e+00 2.666562e-01 1.440305e-01 7.877236e-02 6.701528e-02 5.663788e-02 5.545632e-02 4.677494e-02 3.350934e-02 3.611118e-02 3.794679e-02 3.109173e-02 2.976724e-02 2.567412e-02 2.535270e-02 2.149260e-02 2.200786e-02 1.708213e-02 1.789943e-02 1.626572e-02 1.412200e-02 1.760444e-02 1.638002e-02 1.371600e-02 1.482683e-02 1.572125e-02 1.525232e-02 1.621235e-02 1.289192e-02 1.219440e-02 1.412474e-02 1.511195e-02 1.449594e-02 1.137691e-02 1.173312e-02 1.439663e-02 1.394961e-02 1.215162e-02 1.156562e-02 8.216680e-03 7.972332e-03 7.541183e-03 7.102949e-03 7.353449e-03 5.853051e-03 5.990364e-03 2.401128e-03 4.274966e-03 5.343201e-03 5.658523e-03 5.085651e-03 4.706073e-03 5.899121e-03 5.422106e-03 6.173308e-03 5.710909e-03 3.380294e-03 2.380193e-03 3.157218e-03 2.894723e-03 4.328854e-03 3.456505e-03 3.943328e-03 4.656109e-03 4.744821e-03 4.959102e-03 4.825497e-03 4.267635e-03 4.648656e-03 4.343235e-03 4.343449e-03 5.533740e-03 2.906511e-03 3.114564e-03 5.888419e-03 4.799074e-03 3.936114e-03 4.986144e-03 4.289405e-03 4.592426e-03 4.166326e-03 2.761969e-03 2.789771e-03 1.911465e-03 4.130029e-03 3.262073e-03 3.913883e-03 3.273926e-03 2.702929e-03 2.747036e-03 2.854925e-03 3.502847e-03 2.335451e-03 2.776503e-03 3.398481e-03
6.250402e-02 1.335375e-01 2.666562e-01 1.000000e+00 3.160652e-01 1.106026e-01 7.807409e-02 7.007446e-02 6.278096e-02 5.250402e-02 3.877562e-02 3.516713e-02 3.600101e-02 3.364290e-02 2.912544e-02 2.509427e-02 2.513832e-02 2.225771e-02 1.870278e-02 1.588845e-02 1.987430e-02 1.776448e-02 1.679579e-02 1.972804e-02 1.564441e-02 1.684651e-02 1.551459e-02 1.605425e-02 1.325113e-02 1.569242e-02 1.228712e-02 1.332716e-02 1.328873e-02 1.432283e-02 1.396798e-02 1.322738e-02 1.123420e-02 1.366388e-02 1.135297e-02 8.685057e-03 1.066468e-02 1.123898e-02 7.133643e-03 4.959545e-03 6.417842e-03 7.021987e-03 6.012826e-03 5.571764e-03 2.903341e-03 5.060665e-03 5.543265e-03 5.430194e-03 4.414919e-03 4.134038e-03 5.486896e-03 4.502870e-03 5.210265e-03 3.794169e-03 5.090419e-03 2.490601e-03 4.228696e-03 2.916813e-03 5.921115e-03 3.375716e-03 3.764293e-03 4.547283e-03 4.197977e-03 3.340134e-03 4.167703e-03 4.630987e-03 5.699571e-03 6.010337e-03 4.937696e-03 3.521665e-03 3.604543e-03 4.506322e-03 4.213033e-03 4.190431e-03 4.794248e-03 4.025189e-03 3.478170e-03 3.648583e-03 3.210869e-03 2.568966e-03 3.193630e-03 2.262774e-03 3.276511e-03 2.781280e-03 2.912308e-03 3.732761e-03 2.793391e-03 3.066091e-03 3.245520e-03 1.900542e-03 2.621684e-03 2.582484e-03 2.777847e-03
5.611401e-02 9.439772e-02 1.440305e-01 3.160652e-01 1.000000e+00 2.514373e-01 1.128054e-01 8.342133e-02 7.679577e-02 5.788359e-02 4.331188e-02 4.377127e-02 4.706371e-02 4.157106e-02 3.894833e-02 3.174722e-02 3.215675e-02 2.771167e-02 1.947194e-02 1.805253e-02 2.098726e-02 1.881197e-02 2.002666e-02 1.989532e-02 1.707178e-02 1.979343e-02 1.629807e-02 1.684350e-02 1.572176e-02 1.772126e-02 1.376813e-02 1.546308e-02 1.319837e-02 1.724542e-02 1.369513e-02 1.408063e-02 1.582528e-02 1.418804e-02 1.465230e-02 1.079840e-02 1.246970e-02 1.370189e-02 8.940080e-03 9.606249e-03 1.057560e-02 1.083178e-02 7.283861e-03 7.868327e-03 4.504556e-03 5.164335e-03 5.461759e-03 5.991101e-03 6.095489e-03 5.722287e-03 6.432015e-03 4.944703e-03 5.480829e-03 6.093806e-03 5.368455e-03 3.876113e-03 3.948662e-03 3.016971e-03 3.184706e-03 5.583841e-03 3.893552e-03 3.396921e-03 4.342128e-03 4.455632e-03 4.310815e-03 3.583001e-03 4.074184e-03 4.857875e-03 5.658598e-03 5.362705e-03 5.048762e-03 5.049483e-03 4.602821e-03 5.205899e-03 5.567463e-03 5.000614e-03 4.126664e-03 3.589778e-03 4.838536e-03 3.187034e-03 2.795756e-03 1.811081e-03 3.544838e-03 2.691537e-03 3.671255e-03 3.742400e-03 3.338759e-03 3.206613e-03 2.644882e-03 2.738083e-03 2.685882e-03 2.104552e-03 3.864004e-03
4.220759e-02 5.939769e-02 7.877236e-02 1.106026e-01 2.514373e-01 1.000000e+00 3.219730e-01 1.466002e-01 1.065675e-01 7.220315e-02 4.778302e-02 4.341261e-02 4.162157e-02 4.017368e-02 3.584384e-02 2.901542e-02 3.184863e-02 2.832442e-02 2.155167e-02 1.569455e-02 1.867060e-02 1.888014e-02 1.767445e-02 1.719708e-02 1.444345e-02 1.394530e-02 1.549304e-02 1.691665e-02 1.606939e-02 1.872155e-02 1.205681e-02 1.262956e-02 1.210659e-02 1.449083e-02 1.481264e-02 1.346618e-02 1.062008e-02 1.379464e-02 1.367344e-02 1.105232e-02 1.274543e-02 9.496760e-03 1.086975e-02 8.475241e-03 1.020891e-02 7.311228e-03 8.168729e-03 7.478957e-03 6.110456e-03 4.945024e-03 4.500075e-03 5.315602e-03 4.414362e-03 5.776607e-03 4.726575e-03 4.698765e-03 4.465377e-03 4.345499e-03 2.476843e-03 4.049859e-03 3.737012e-03 4.568416e-03 3.918206e-03 4.295824e-03 5.404455e-03 4.960045e-03 4.931266e-03 3.845729e-03 3.943761e-03 2.525674e-03 4.877073e-03 3.260039e-03 4.284236e-03 4.021906e-03 2.293510e-03 3.549986e-03 4.289091e-03 4.289267e-03 3.216890e-03 5.233675e-03 4.165838e-03 3.623855e-03 3.804249e-03 3.502693e-03 4.064106e-03 1.851126e-03 3.019350e-03 2.091442e-03 2.316316e-03 3.000117e-03 3.199297e-03 2.471143e-03 2.252804e-03 2.994415e-03 2.954979e-03 2.888033e-03 3.413099e-03
3.660219e-02 5.282664e-02 6.701528e-02 7.807409e-02 1.128054e-01 3.219730e-01 1.000000e+00 2.865681e-01 1.520282e-01 8.642983e-02 5.133959e-02 5.112767e-02 4.594208e-02 4.265404e-02 3.495109e-02 2.822360e-02 2.820489e-02 2.795807e-02 1.941792e-02 2.028498e-02 1.833751e-02 1.794386e-02 1.597087e-02 1.713330e-02 1.387134e-02 1.223464e-02 1.365981e-02 1.620568e-02 1.205676e-02 1.476626e-02 1.276285e-02 1.450009e-02 1.225315e-02 1.500104e-02 1.426578e-02 1.313672e-02 1.383629e-02 1.593781e-02 1.426532e-02 1.131301e-02 1.246300e-02 9.917514e-03 8.449338e-03 6.018459e-03 7.059905e-03 7.746595e-03 6.696178e-03 6.386759e-03 2.265226e-03 4.926684e-03 5.331594e-03 4.872216e-03 4.298035e-03 4.727472e-03 3.638807e-03 4.567159e-03 4.988065e-03 3.687992e-03 3.037115e-03 4.034839e-03 3.276374e-03 3.698071e-03 6.906500e-03 4.891304e-03 4.772546e-03 4.667113e-03 4.367090e-03 1.209937e-03 3.387185e-03 4.753023e-03 3.363912e-03 3.372869e-03 1.991895e-03 4.579416e-03 3.101077e-03 4.353009e-03 3.739036e-03 3.811374e-03 4.641666e-03 3.882963e-03 3.242490e-03 4.174542e-03 4.070890e-03 3.024408e-03 3.542904e-03 2.868851e-03 2.435170e-03 2.404252e-03 2.884656e-03 2.490826e-03 2.124954e-03 3.887333e-03 3.740747e-03 2.294852e-03 2.279240e-03 1.785923e-03 3.036107e-03
3.579931e-02 5.503509e-02 5.663788e-02 7.007446e-02 8.342133e-02 1.466002e-01 2.865681e-01 1.000000e+00 3.650514e-01 1.316642e-01 7.466855e-02 6.626517e-02 5.722619e-02 5.318254e-02 4.271360e-02 3.589236e-02 3.058532e-02 2.935717e-02 2.192802e-02 2.128670e-02 2.375702e-02 1.928146e-02 1.763459e-02 1.870220e-02 2.080785e-02 1.623597e-02 1.796770e-02 1.806824e-02 1.671334e-02 1.655101e-02 1.175622e-02 1.454306e-02 1.334124e-02 1.722039e-02 1.405819e-02 1.477175e-02 1.486917e-02 1.428715e-02 1.348348e-02 1.204636e-02 1.233560e-02 1.035334e-02 8.106299e-03 6.822147e-03 7.588758e-03 7.694737e-03 5.888103e-03 5.152101e-03 3.325458e-03 3.588270e-03 6.071880e-03 5.805045e-03 4.773865e-03 4.586536e-03 5.362891e-03 5.810832e-03 3.799896e-03 4.896273e-03 2.823799e-03 2.884407e-03 5.013927e-03 7.127230e-03 6.583049e-03 2.553126e-03 4.886462e-03 3.976582e-03 4.380916e-03 3.947209e-03 3.394593e-03 3.940328e-03 5.170060e-03 4.010130e-03 4.455918e-03 4.033680e-03 3.066966e-03 4.047269e-03 5.436805e-03 4.159722e-03 3.807291e-03 4.343142e-03 5.077471e-03 4.416883e-03 2.857614e-03 3.916286e-03 3.368365e-03 1.764865e-03 3.028189e-03 3.262878e-03 2.890966e-03 3.120342e-03 2.772919e-03 3.145075e-03 2.343080e-03 3.324034e-03 2.230689e-03 2.563558e-03 2.662404e-03
4.199307e-02 5.397204e-02 5.545632e-02 6.278096e-02 7.679577e-02 1.065675e-01 1.520282e-01 3.650514e-01 1.000000e+00 3.448866e-01 1.200014e-01 9.011108e-02 7.666349e-02 6.502718e-02 4.919804e-02 4.333389e-02 3.949350e-02 3.341454e-02 2.659726e-02 2.360138e-02 2.605375e-02 2.133449e-02 1.933462e-02 2.378720e-02 1.815246e-02 2.299401e-02 1.923750e-02 2.151127e-02 1.743742e-02 2.050640e-02 1.503934e-02 1.842866e-02 1.596099e-02 1.880580e-02 1.642391e-02 1.990797e-02 1.482205e-02 1.813453e-02 1.373053e-02 1.318547e-02 1.332293e-02 8.765208e-03 9.728389e-03 7.488635e-03 8.813395e-03 9.638917e-03 6.920647e-03 7.284076e-03 2.520978e-03 3.709379e-03 5.296062e-03 6.429614e-03 5.258596e-03 5.489970e-03 6.323506e-03 7.115933e-03 5.564877e-03 4.282832e-03 4.609116e-03 3.265736e-03 4.942078e-03 5.525838e-03 3.645662e-03 5.278595e-03 5.348528e-03 4.999619e-03 4.860151e-03 5.059737e-03 4.715441e-03 4.299615e-03 4.336150e-03 5.459897e-03 4.145681e-03 4.633136e-03 4.227308e-03 4.844482e-03 5.836471e-03 5.515370e-03 5.009190e-03 4.579524e-03 4.514005e-03 3.378810e-03 3.522151e-03 4.801669e-03 3.584466e-03 3.980577e-03 4.985444e-03 3.373005e-03 3.735674e-03 3.326460e-03 3.726462e-03 2.936591e-03 3.633244e-03 1.764548e-03 3.766430e-03 4.015275e-03 2.359084e-03
3.377955e-02 4.428931e-02 4.677494e-02 5.250402e-02 5.788359e-02 7.220315e-02 8.642983e-02 1.316642e-01 3.448866e-01 1.000000e+00 2.302586e-01 1.208832e-01 8.681493e-02 7.259433e-02 5.410531e-02 4.179027e-02 3.868740e-02 3.409706e-02 2.428695e-02 2.290476e-02 2.365064e-02 1.795462e-02 1.866662e-02 2.148161e-02 2.097081e-02 1.936584e-02 1.799620e-02 2.010709e-02 1.433835e-02 1.749685e-02 1.408511e-02 1.648725e-02 1.899738e-02 1.805718e-02 1.425383e-02 1.631422e-02 1.515666e-02 1.550439e-02 1.575270e-02 1.358375e-02 1.274499e-02 1.083596e-02 9.129171e-03 8.613655e-03 7.982077e-03 9.737252e-03 5.841195e-03 5.406180e-03 3.895691e-03 3.725890e-03 5.253961e-03 6.888781e-03 6.334235e-03 6.169965e-03 5.354396e-03 5.045929e-03 4.271625e-03 6.016637e-03 5.539729e-03 2.925550e-03 2.980308e-03 4.269564e-03 4.256555e-03 4.928225e-03 5.203970e-03 4.234969e-03 4.893164e-03 4.539983e-03 4.405981e-03 3.613531e-03 6.337090e-03 4.895676e-03 3.084543e-03 5.632241e-03 3.402343e-03 5.444525e-03 5.010640e-03 4.526313e-03 4.699740e-03 3.700277e-03 3.460730e-03 4.986113e-03 3.979692e-03 3.782778e-03 3.587231e-03 2.563010e-03 4.658264e-03 2.539343e-03 3.559876e-03 3.426939e-03 3.051532e-03 3.997711e-03 2.911215e-03 2.774610e-03 3.167510e-03 3.971099e-03 2.531607e-03
2.724993e-02 3.362241e-02 3.350934e-02 3.877562e-02 4.331188e-02 4.778302e-02 5.133959e-02 7.466855e-02 1.200014e-01 2.302586e-01 1.000000e+00 2.589670e-01 1.300488e-01 8.401060e-02 5.728454e-02 4.083807e-02 4.089363e-02 3.662110e-02 2.544651e-02 2.110492e-02 2.461062e-02 1.866003e-02 2.018710e-02 2.151693e-02 1.779355e-02 1.964289e-02 1.795656e-02 1.466165e-02 1.394644e-02 1.817909e-02 1.415055e-02 1.783799e-02 1.498969e-02 1.493586e-02 1.747410e-02 1.593974e-02 1.494736e-02 1.361913e-02 1.676996e-02 1.457997e-02 1.363760e-02 1.024723e-02 8.627114e-03 9.203565e-03 8.211931e-03 7.599497e-03 6.173697e-03 6.641021e-03 3.284298e-03 4.651312e-03 5.856178e-03 5.118923e-03 5.410401e-03 5.165523e-03 5.068928e-03 6.180364e-03 5.082003e-03 5.269641e-03 4.403444e-03 2.543487e-03 4.030590e-03 4.399383e-03 5.804971e-03 2.954912e-03 3.548515e-03 5.174566e-03 4.353073e-03 3.118682e-03 2.750161e-03 3.648335e-03 3.974063e-03 4.950619e-03 4.125718e-03 4.426393e-03 2.681932e-03 5.390926e-03 4.388544e-03 3.795653e-03 4.593386e-03 3.860447e-03 3.259506e-03 3.707883e-03 4.206230e-03 4.272584e-03 2.201475e-03 1.980705e-03 2.353798e-03 3.408406e-03 2.899795e-03 3.611391e-03 1.597515e-03 2.880701e-03 2.772074e-03 2.883620e-03 2.111284e-03 2.685273e-03 1.408634e-03
2.613298e-02 3.758895e-02 3.611118e-02 3.516713e-02 4.377127e-02 4.341261e-02 5.112767e-02 6.626517e-02 9.011108e-02 1.208832e-01 2.589670e-01 1.000000e+00 3.483784e-01 1.349650e-01 8.217490e-02 5.703128e-02 5.240000e-02 3.922479e-02 2.787408e-02 2.395106e-02 2.264928e-02 2.401720e-02 2.015215e-02 2.364907e-02 2.032146e-02 2.063856e-02 1.993958e-02 2.258059e-02 1.950771e-02 2.114217e-02 1.572240e-02 1.729391e-02 1.635549e-02 1.599649e-02 1.733985e-02 1.819775e-02 1.507590e-02 1.599649e-02 1.662806e-02 1.201010e-02 1.384726e-02 1.125095e-02 9.376632e-03 9.387283e-03 7.741055e-03 9.781258e-03 6.749933e-03 5.778669e-03 3.640088e-03 3.896089e-03 3.718474e-03 5.885756e-03 5.305670e-03 6.222325e-03 5.858451e-03 5.303137e-03 5.814233e-03 5.452613e-03 4.880471e-03 4.219443e-03 3.952569e-03 3.774944e-03 3.237668e-03 5.070997e-03 4.465775e-03 4.781646e-03 4.753902e-03 5.184796e-03 5.506222e-03 3.826165e-03 4.856657e-03 3.004640e-03 4.248148e-03 4.367839e-03 2.978107e-03 3.723165e-03 4.983939e-03 4.693777e-03 4.583035e-03 4.968756e-03 4.625576e-03 3.743052e-03 4.540615e-03 3.280232e-03 3.778006e-03 2.549353e-03 4.514635e-03 3.323437e-03 2.488205e-03 3.925145e-03 3.426919e-03 2.471821e-03 3.412792e-03 1.903328e-03 2.520505e-03 3.127035e-03 2.518116e-03
2.568773e-02 3.384183e-02 3.794679e-02 3.600101e-02 4.706371e-02 4.162157e-02 4.594208e-02 5.722619e-02 7.666349e-02 8.681493e-02 1.300488e-01 3.483784e-01 1.000000e+00 3.150178e-01 1.254793e-01 8.021217e-02 6.142622e-02 5.145692e-02 2.699325e-02 3.211505e-02 3.533333e-02 2.718050e-02 2.593330e-02 2.735230e-02 2.462916e-02 2.325338e-02 2.126744e-02 2.270808e-02 2.234714e-02 2.088701e-02 1.861161e-02 1.954607e-02 1.614620e-02 1.996478e-02 2.062898e-02 1.942727e-02 1.646844e-02 2.108518e-02 1.810353e-02 1.020471e-02 1.590857e-02 9.507965e-03 1.003615e-02 8.324763e-03 9.425995e-03 9.107860e-03 8.115102e-03 8.429967e-03 2.886526e-03 4.141067e-03 4.604151e-03 6.085857e-03 6.576900e-03 5.714573e-03 5.752671e-03 4.550048e-03 7.621170e-03 7.578682e-03 4.925619e-03 3.901855e-03 4.416539e-03 6.590727e-03 3.617720e-03 3.777503e-03 5.330215e-03 4.834086e-03 5.817835e-03 5.419643e-03 4.896942e-03 4.534406e-03 4.849440e-03 6.020055e-03 5.010527e-03 5.835448e-03 4.537761e-03 5.168742e-03 5.568977e-03 5.137718e-03 5.428275e-03 6.271716e-03 4.567553e-03 4.705231e-03 4.293058e-03 3.773084e-03 3.400641e-03 2.848607e-03 3.451557e-03 3.565015e-03 3.421885e-03 3.577968e-03 3.172755e-03 3.362404e-03 2.773383e-03 3.509136e-03 2.816374e-03 3.402151e-03 3.376445e-03
2.795122e-02 3.563031e-02 3.109173e-02 3.364290e-02 4.157106e-02 4.017368e-02 4.265404e-02 5.318254e-02 6.502718e-02 7.259433e-02 8.401060e-02 1.349650e-01 3.150178e-01 1.000000e+00 2.659002e-01 1.047879e-01 7.973726e-02 5.394903e-02 4.100751e-02 3.324025e-02 2.993258e-02 2.785341e-02 2.626379e-02 2.769422e-02 2.447240e-02 2.484231e-02 2.243891e-02 2.341472e-02 2.565166e-02 2.412247e-02 1.924846e-02 2.109919e-02 2.310990e-02 2.333906e-02 1.919751e-02 1.902520e-02 2.031339e-02 2.117287e-02 2.076143e-02 1.615391e-02 1.643298e-02 1.479444e-02 1.144851e-02 1.165803e-02 8.796515e-03 1.122790e-02 9.349585e-03 8.518970e-03 5.011120e-03 4.263329e-03 7.258169e-03 6.536667e-03 5.987205e-03 4.850128e-03 7.867630e-03 6.528380e-03 5.138761e-03 5.675518e-03 5.168224e-03 3.980313e-03 4.460294e-03 5.421631e-03 5.723060e-03 4.624153e-03 4.553529e-03 4.609458e-03 5.573570e-03 5.856526e-03 4.672629e-03 5.074927e-03 4.296781e-03 4.081474e-03 6.068970e-03 4.467837e-03 5.480743e-03 4.444480e-03 6.180882e-03 3.354257e-03 5.616831e-03 3.926798e-03 4.002177e-03 5.631818e-03 3.694606e-03 4.222852e-03 4.363789e-03 1.859767e-03 3.380123e-03 3.200296e-03 3.036902e-03 2.825740e-03 3.964218e-03 4.586421e-03 3.394980e-03 1.562050e-03 3.447606e-03 2.881503e-03 3.086127e-03
2.236727e-02 3.147881e-02 2.976724e-02 2.912544e-02 3.894833e-02 3.584384e-02 3.495109e-02 4.271360e-02 4.919804e-02 5.410531e-02 5.728454e-02 8.217490e-02 1.254793e-01 2.659002e-01 1.000000e+00 3.024827e-01 1.079816e-01 7.080105e-02 4.777194e-02 3.604257e-02 3.836282e-02 2.920937e-02 2.989958e-02 3.424151e-02 2.619284e-02 2.584328e-02 2.334304e-02 2.435817e-02 2.015389e-02 2.303992e-02 1.931522e-02 2.353331e-02 2.060662e-02 2.076532e-02 2.171269e-02 2.005567e-02 1.997923e-02 2.028136e-02 1.977791e-02 1.680479e-02 2.020331e-02 1.420666e-02 1.235923e-02 1.077082e-02 9.828796e-03 1.178946e-02 9.045468e-03 7.491777e-03 4.277361e-03 6.165886e-03 6.292184e-03 5.500039e-03 6.700299e-03 6.403972e-03 6.163740e-03 5.390022e-03 6.364068e-03 3.481965e-03 5.197251e-03 3.146925e-03 4.921225e-03 4.834358e-03 4.252612e-03 3.655960e-03 6.354517e-03 3.369590e-03 3.350039e-03 4.759767e-03 5.244658e-03 3.431617e-03 3.999394e-03 5.425352e-03 6.044847e-03 4.972128e-03 4.776998e-03 4.366696e-03 6.934235e-03 4.906983e-03 4.695388e-03 3.980276e-03 4.530798e-03 4.473947e-03 4.108539e-03 3.843877e-03 3.583909e-03 1.934703e-03 3.922047e-03 3.480575e-03 3.268208e-03 3.527516e-03 2.340619e-03 3.303152e-03 2.236789e-03 2.166652e-03 2.779553e-03 2.529231e-03 2.751837e-03
2.165244e-02 2.914442e-02 2.567412e-02 2.509427e-02 3.174722e-02 2.901542e-02 2.822360e-02 3.589236e-02 4.333389e-02 4.179027e-02 4.083807e-02 5.703128e-02 8.021217e-02 1.047879e-01 3.024827e-01 1.000000e+00 2.445933e-01 8.955359e-02 5.377351e-02 4.506179e-02 4.248131e-02 3.301045e-02 3.060941e-02 3.402439e-02 2.975898e-02 2.578428e-02 2.743697e-02 2.617825e-02 2.562657e-02 3.006409e-02 1.954766e-02 2.432476e-02 2.136421e-02 2.445286e-02 2.326417e-02 2.242673e-02 2.191256e-02 2.454762e-02 2.130653e-02 1.667170e-02 1.936771e-02 1.926241e-02 1.479723e-02 1.231488e-02 1.017342e-02 1.314770e-02 1.029133e-02 9.667055e-03 5.867944e-03 6.088161e-03 5.666135e-03 7.541772e-03 6.161115e-03 6.990061e-03 6.483132e-03 4.611048e-03 5.444323e-03 5.793899e-03 6.455372e-03 4.288013e-03 5.064663e-03 2.720848e-03 5.744240e-03 7.147550e-03 4.941957e-03 5.397604e-03 4.641112e-03 4.500497e-03 3.743710e-03 5.348394e-03 4.634243e-03 4.513823e-03 5.292201e-03 6.205120e-03 3.816028e-03 4.192446e-03 6.244305e-03 6.259904e-03 4.698015e-03 6.130959e-03 4.272973e-03 4.196672e-03 4.326326e-03 3.708670e-03 2.286021e-03 3.919966e-03 3.501370e-03 3.406816e-03 2.820407e-03 2.647118e-03 3.387433e-03 3.442709e-03 3.180375e-03 2.194963e-03 2.926892e-03 2.530647e-03 2.452226e-03
2.387109e-02 2.440761e-02 2.535270e-02 2.513832e-02 3.215675e-02 3.184863e-02 2.820489e-02 3.058532e-02 3.949350e-02 3.868740e-02 4.089363e-02 5.240000e-02 6.142622e-02 7.973726e-02 1.079816e-01 2.445933e-01 1.000000e+00 2.782751e-01 8.817677e-02 6.516914e-02 6.449938e-02 4.358830e-02 4.126271e-02 3.922830e-02 3.248602e-02 3.397636e-02 2.884413e-02 3.646349e-02 3.238459e-02 3.677111e-02 2.532535e-02 2.950446e-02 2.633681e-02 2.559561e-02 2.780055e-02 2.865306e-02 2.733654e-02 2.964922e-02 2.511072e-02 1.929593e-02 2.369412e-02 1.987617e-02 1.595335e-02 1.566244e-02 1.383939e-02 1.296707e-02 9.928932e-03 9.581005e-03 5.085941e-03 5.722122e-03 6.264010e-03 7.702696e-03 7.356594e-03 6.033119e-03 6.095221e-03 6.802853e-03 6.732886e-03 6.462729e-03 5.488470e-03 5.072340e-03 4.175579e-03 4.984917e-03 6.314477e-03 4.821400e-03 4.610520e-03 7.096062e-03 6.696166e-03 4.240514e-03 3.798786e-03 4.776960e-03 6.222311e-03 5.472701e-03 5.235808e-03 6.720799e-03 6.435280e-03 6.317009e-03 7.254195e-03 6.780137e-03 6.487768e-03 5.151895e-03 3.750150e-03 4.448521e-03 4.181829e-03 4.586438e-03 4.212899e-03 1.795461e-03 2.886717e-03 3.651388e-03 4.549489e-03 3.382759e-03 3.413399e-03 2.270682e-03 3.277588e-03 3.016074e-03 3.494815e-03 2.955733e-03 3.511455e-03
2.038353e-02 2.425142e-02 2.149260e-02 2.225771e-02 2.771167e-02 2.832442e-02 2.795807e-02 2.935717e-02 3.341454e-02 3.409706e-02 3.662110e-02 3.922479e-02 5.145692e-02 5.394903e-02 7.080105e-02 8.955359e-02 2.782751e-01 1.000000e+00 2.776449e-01 1.238327e-01 9.487548e-02 6.408604e-02 6.271248e-02 5.633890e-02 4.661580e-02 4.224817e-02 3.636748e-02 3.451644e-02 3.882496e-02 4.302256e-02 2.970765e-02 3.443368e-02 3.279027e-02 3.433174e-02 3.443909e-02 3.743416e-02 3.071982e-02 3.402916e-02 3.609353e-02 2.326297e-02 2.891708e-02 2.563057e-02 2.057496e-02 2.092606e-02 1.690016e-02 1.736212e-02 1.672394e-02 1.398143e-02 1.022766e-02 1.022995e-02 1.032734e-02 8.769277e-03 8.194411e-03 7.424309e-03 8.339620e-03 7.043599e-03 6.893914e-03 9.761539e-03 6.933440e-03 8.543672e-03 5.802390e-03 5.541637e-03 6.337215e-03 6.286253e-03 6.456450e-03 5.236754e-03 6.646428e-03 5.401571e-03 6.818447e-03 6.240920e-03 5.663225e-03 5.881101e-03 6.698249e-03 6.690792e-03 5.696686e-03 8.612498e-03 8.346169e-03 9.187315e-03 6.458802e-03 4.412514e-03 4.737465e-03 4.670595e-03 5.469247e-03 4.720978e-03 5.135305e-03 4.158290e-03 5.232242e-03 3.772955e-03 3.746355e-03 4.751231e-03 3.737117e-03 3.891591e-03 2.935149e-03 2.887230e-03 3.623028e-03 4.026756e-03 3.647319e-03
1.593959e-02 1.758053e-02 2.200786e-02 1.870278e-02 1.947194e-02 2.155167e-02 1.941792e-02 2.192802e-02 2.659726e-02 2.428695e-02 2.544651e-02 2.787408e-02 2.699325e-02 4.100751e-02 4.777194e-02 5.377351e-02 8.817677e-02 2.776449e-01 1.000000e+00 3.748661e-01 1.649737e-01 9.560769e-02 7.632388e-02 6.397788e-02 5.128136e-02 4.426168e-02 4.088226e-02 3.910221e-02 3.209959e-02 4.111048e-02 2.808660e-02 2.808066e-02 3.264793e-02 3.401839e-02 3.338292e-02 3.566585e-02 2.564944e-02 2.867043e-02 3.071117e-02 1.872282e-02 2.400492e-02 1.917443e-02 1.615180e-02 1.531787e-02 1.457494e-02 1.421715e-02 1.171145e-02 8.755922e-03 5.255478e-03 5.715121e-03 6.465958e-03 5.651936e-03 7.652726e-03 6.676208e-03 5.959257e-03 8.211993e-03 5.160777e-03 5.208239e-03 7.927104e-03 2.849031e-03 5.010020e-03 3.629906e-03 7.315099e-03 6.856179e-03 5.252402e-03 4.299360e-03 6.174155e-03 4.678558e-03 5.029440e-03 4.540668e-03 6.214699e-03 7.245635e-03 6.601903e-03 6.905962e-03 3.408021e-03 6.154248e-03 6.196298e-03 6.163057e-03 6.922916e-03 4.761762e-03 4.212766e-03 4.973493e-03 3.745329e-03 4.318051e-03 4.550234e-03 3.327965e-03 2.991049e-03 1.673409e-03 2.810891e-03 4.045220e-03 3.286692e-03 1.503146e-03 2.025051e-03 2.529002e-03 3.194829e-03 2.762309e-03 1.690554e-03
1.441043e-02 1.629578e-02 1.708213e-02 1.588845e-02 1.805253e-02 1.569455e-02 2.028498e-02 2.128670e-02 2.360138e-02 2.290476e-02 2.110492e-02 2.395106e-02 3.211505e-02 3.324025e-02 3.604257e-02 4.506179e-02 6.516914e-02 1.238327e-01 3.748661e-01 1.000000e+00 3.556228e-01 1.347355e-01 9.211085e-02 7.202113e-02 5.264607e-02 4.863934e-02 4.208242e-02 3.880582e-02 3.252162e-02 3.877085e-02 2.414735e-02 3.188397e-02 2.848591e-02 3.079909e-02 2.981474e-02 2.776506e-02 2.742490e-02 2.820118e-02 2.811978e-02 2.191485e-02 1.934587e-02 1.686103e-02 1.218608e-02 1.297203e-02 1.099638e-02 1.204194e-02 9.737578e-03 7.707109e-03 4.460747e-03 4.311896e-03 7.529676e-03 7.045240e-03 8.048276e-03 6.026422e-03 8.242830e-03 4.197097e-03 7.079380e-03 4.631159e-03 3.821050e-03 4.145489e-03 5.213679e-03 6.722166e-03 6.570278e-03 6.599768e-03 4.819606e-03 3.844438e-03 5.733198e-03 4.941774e-03 3.913149e-03 5.138707e-03 4.688813e-03 6.450617e-03 5.105471e-03 5.811546e-03 3.714034e-03 4.405092e-03 7.012394e-03 5.054186e-03 6.287116e-03 5.243273e-03 3.859500e-03 4.937313e-03 3.931470e-03 4.174115e-03 3.100794e-03 2.510854e-03 4.513323e-03 3.086206e-03 2.524688e-03 3.161003e-03 2.376395e-03 2.721794e-03 3.273949e-03 3.113150e-03 2.327290e-03 3.733983e-03 2.550950e-03
1.757333e-02 1.869200e-02 1.789943e-02 1.987430e-02 2.098726e-02 1.867060e-02 1.833751e-02 2.375702e-02 2.605375e-02 2.365064e-02 2.461062e-02 2.264928e-02 3.533333e-02 2.993258e-02 3.836282e-02 4.248131e-02 6.449938e-02 9.487548e-02 1.649737e-01 3.556228e-01 1.000000e+00 3.354354e-01 1.517152e-01 1.051707e-01 7.618693e-02 6.169824e-02 5.239830e-02 5.026263e-02 4.730537e-02 4.548226e-02 3.276764e-02 3.830688e-02 3.169902e-02 3.614708e-02 3.114749e-02 2.955328e-02 2.724034e-02 2.906129e-02 2.801992e-02 2.200713e-02 2.361075e-02 1.663147e-02 1.580179e-02 1.413639e-02 1.059247e-02 1.345709e-02 1.021706e-02 8.645497e-03 5.337970e-03 6.385898e-03 7.945500e-03 7.205658e-03 7.619234e-03 6.823120e-03 7.631787e-03 6.176706e-03 6.961419e-03 5.388562e-03 7.934844e-03 5.320188e-03 5.004739e-03 7.228039e-03 3.938012e-03 5.679619e-03 6.419369e-03 4.500454e-03 6.375935e-03 7.272619e-03 6.441007e-03 6.416614e-03 5.718680e-03 6.348254e-03 6.413985e-03 6.474796e-03 4.816020e-03 6.689871e-03 6.676644e-03 5.301302e-03 8.152558e-03 5.365053e-03 4.146008e-03 4.993760e-03 4.947510e-03 3.909109e-03 3.629913e-03 4.031048e-03 5.283476e-03 3.284397e-03 3.026432e-03 3.572797e-03 4.354281e-03 3.504865e-03 2.555077e-03 3.667890e-03 2.568737e-03 3.659567e-03 2.388994e-03
1.457195e-02 1.964239e-02 1.626572e-02 1.776448e-02 1.881197e-02 1.888014e-02 1.794386e-02 1.928146e-02 2.133449e-02 1.795462e-02 1.866003e-02 2.401720e-02 2.718050e-02 2.785341e-02 2.920937e-02 3.301045e-02 4.358830e-02 6.408604e-02 9.560769e-02 1.347355e-01 3.354354e-01 1.000000e+00 2.977496e-01 1.344241e-01 8.950764e-02 6.584741e-02 5.177746e-02 5.143469e-02 4.437444e-02 4.254478e-02 3.405650e-02 3.731553e-02 2.855740e-02 3.338717e-02 3.309444e-02 2.944144e-02 2.513541e-02 2.797110e-02 2.411002e-02 1.936790e-02 2.106309e-02 1.814276e-02 1.216930e-02 1.312240e-02 1.196023e-02 1.084539e-02 1.029689e-02 8.928267e-03 5.224948e-03 5.902152e-03 6.894224e-03 7.247830e-03 5.840693e-03 7.901697e-03 7.488085e-03 6.584105e-03 6.322802e-03 4.931414e-03 4.962147e-03 4.720802e-03 5.954200e-03 4.374327e-03 5.310156e-03 6.267909e-03 5.457112e-03 6.332423e-03 7.135105e-03 5.271564e-03 6.250280e-03 5.051707e-03 5.364364e-03 6.627262e-03 5.797805e-03 4.841301e-03 4.517631e-03 5.543254e-03 5.338930e-03 4.084837e-03 5.353212e-03 6.397433e-03 4.387737e-03 3.296401e-03 3.561677e-03 4.292968e-03 5.642593e-03 2.048201e-03 3.744627e-03 3.697084e-03 4.169666e-03 2.872658e-03 3.902967e-03 3.387339e-03 3.451350e-03 2.999529e-03 2.847691e-03 1.678272e-03 3.734964e-03
1.406439e-02 1.640291e-02 1.412200e-02 1.679579e-02 2.002666e-02 1.767445e-02 1.597087e-02 1.763459e-02 1.933462e-02 1.866662e-02 2.018710e-02 2.015215e-02 2.593330e-02 2.626379e-02 2.989958e-02 3.060941e-02 4.126271e-02 6.271248e-02 7.632388e-02 9.211085e-02 1.517152e-01 2.977496e-01 1.000000e+00 3.022800e-01 1.483169e-01 9.285755e-02 7.252086e-02 6.080320e-02 4.877956e-02 4.890631e-02 3.820270e-02 3.841680e-02 3.718324e-02 3.223618e-02 3.431450e-02 3.188274e-02 2.945124e-02 3.242065e-02 2.931937e-02 2.366642e-02 2.273504e-02 1.778876e-02 1.261591e-02 1.394137e-02 1.217789e-02 1.264939e-02 1.074640e-02 9.766247e-03 4.562671e-03 5.635836e-03 7.399136e-03 6.916773e-03 8.731378e-03 5.665374e-03 9.893521e-03 6.584749e-03 7.660362e-03 6.527509e-03 5.956446e-03 6.248730e-03 6.567773e-03 5.307607e-03 3.820019e-03 5.185358e-03 4.981623e-03 4.889481e-03 5.439815e-03 5.301723e-03 6.090022e-03 6.046517e-03 7.079454e-03 7.522084e-03 6.153932e-03 4.660532e-03 4.152640e-03 6.460584e-03 6.568613e-03 6.758663e-03 6.560950e-03 6.680326e-03 5.059885e-03 4.592958e-03 4.285860e-03 4.242088e-03 4.399764e-03 2.259266e-03 4.251993e-03 2.582774e-03 4.697204e-03 4.647401e-03 3.003603e-03 4.395766e-03 4.124258e-03 2.043564e-03 3.704937e-03 3.870725e-03 2.677901e-03
1.509434e-02 1.895312e-02 1.760444e-02 1.972804e-02 1.989532e-02 1.719708e-02 1.713330e-02 1.870220e-02 2.378720e-02 2.148161e-02 2.151693e-02 2.364907e-02 2.735230e-02 2.769422e-02 3.424151e-02 3.402439e-02 3.922830e-02 5.633890e-02 6.397788e-02 7.202113e-02 1.051707e-01 1.344241e-01 3.022800e-01 1.000000e+00 3.733033e-01 1.461398e-01 8.819978e-02 7.786793e-02 6.235176e-02 6.207718e-02 4.010452e-02 4.273856e-02 3.421506e-02 4.013812e-02 3.497363e-02 3.301070e-02 3.204168e-02 3.553586e-02 3.255352e-02 2.379221e-02 2.375265e-02 1.709476e-02 1.414744e-02 1.528539e-02 1.255170e-02 1.401466e-02 1.056598e-02 9.624286e-03 4.730226e-03 6.943890e-03 7.626256e-03 8.970510e-03 7.300479e-03 8.464453e-03 8.482078e-03 8.161988e-03 8.694217e-03 6.977056e-03 6.932042e-03 7.087999e-03 7.405812e-03 7.515066e-03 7.699563e-03 4.592332e-03 6.180461e-03 6.292792e-03 6.786473e-03 3.760490e-03 5.263697e-03 6.082765e-03 6.679623e-03 6.794473e-03 4.532567e-03 5.871053e-03 6.087265e-03 6.341805e-03 7.263092e-03 5.833147e-03 7.384905e-03 8.016783e-03 5.341170e-03 5.084604e-03 4.471953e-03 5.151858e-03 4.620843e-03 3.184431e-03 4.785979e-03 4.732540e-03 4.213799e-03 4.257827e-03 3.760824e-03 3.221828e-03 4.844279e-03 3.209588e-03 3.689529e-03 3.237887e-03 3.397047e-03
1.602853e-02 1.674057e-02 1.638002e-02 1.564441e-02 1.707178e-02 1.444345e-02 1.387134e-02 2.080785e-02 1.815246e-02 2.097081e-02 1.779355e-02 2.032146e-02 2.462916e-02 2.447240e-02 2.619284e-02 2.975898e-02 3.248602e-02 4.661580e-02 5.128136e-02 5.264607e-02 7.618693e-02 8.950764e-02 1.483169e-01 3.733033e-01 1.000000e+00 2.592190e-01 1.195941e-01 8.583510e-02 6.431585e-02 6.372365e-02 3.990970e-02 4.488220e-02 3.485073e-02 4.115321e-02 3.526335e-02 3.309349e-02 3.135721e-02 3.339489e-02 3.374519e-02 2.101836e-02 2.140234e-02 1.854688e-02 1.380267e-02 9.984476e-03 1.089084e-02 1.247892e-02 1.078681e-02 9.275119e-03 3.649029e-03 4.798721e-03 5.172686e-03 6.910185e-03 6.843155e-03 7.863766e-03 7.844358e-03 8.552735e-03 7.383720e-03 6.457554e-03 6.421354e-03 6.358386e-03 5.997589e-03 7.561044e-03 7.255835e-03 7.058587e-03 4.731105e-03 7.739330e-03 5.166256e-03 6.334492e-03 4.365106e-03 7.206210e-03 6.322042e-03 6.540109e-03 5.615267e-03 7.100301e-03 5.126955e-03 6.573956e-03 5.808062e-03 5.953653e-03 5.963968e-03 6.255026e-03 5.014363e-03 5.361607e-03 4.974850e-03 4.497221e-03 4.076592e-03 3.301003e-03 4.845801e-03 2.711090e-03 3.624555e-03 3.410579e-03 4.278835e-03 3.548504e-03 4.720315e-03 4.251269e-03 3.212655e-03 3.356414e-03 4.010484e-03
1.434555e-02 1.562039e-02 1.371600e-02 1.684651e-02 1.979343e-02 1.394530e-02 1.223464e-02 1.623597e-02 2.299401e-02 1.936584e-02 1.964289e-02 2.063856e-02 2.325338e-02 2.484231e-02 2.584328e-02 2.578428e-02 3.397636e-02 4.224817e-02 4.426168e-02 4.863934e-02 6.169824e-02 6.584741e-02 9.285755e-02 1.461398e-01 2.592190e-01 1.000000e+00 2.995331e-01 1.339592e-01 8.556200e-02 7.789998e-02 4.957165e-02 5.110390e-02 3.946647e-02 3.908973e-02 3.929435e-02 3.637067e-02 3.163290e-02 3.347904e-02 2.715457e-02 2.254320e-02 2.120731e-02 1.615538e-02 1.226579e-02 1.168887e-02 1.140826e-02 1.281077e-02 9.954418e-03 7.480465e-03 4.377675e-03 5.314098e-03 7.025184e-03 7.778294e-03 5.795018e-03 7.547215e-03 7.032198e-03 6.913927e-03 5.558034e-03 8.470064e-03 6.358512e-03 4.972352e-03 5.564287e-03 3.664989e-03 6.963755e-03 4.726359e-03 6.779455e-03 6.897232e-03 5.450604e-03 5.196155e-03 5.062181e-03 7.024193e-03 6.581206e-03 5.954951e-03 5.315905e-03 4.572489e-03 4.415898e-03 7.010361e-03 5.505444e-03 5.654471e-03 7.119268e-03 7.003772e-03 5.848539e-03 5.087635e-03 6.872516e-03 2.847485e-03 4.238532e-03 1.584061e-03 3.691060e-03 2.478054e-03 4.162487e-03 3.530018e-03 3.650305e-03 2.671107e-03 4.176873e-03 3.991438e-03 3.181215e-03 2.684420e-03 4.537492e-03
1.276728e-02 1.408691e-02 1.482683e-02 1.551459e-02 1.629807e-02 1.549304e-02 1.365981e-02 1.796770e-02 1.923750e-02 1.799620e-02 1.795656e-02 1.993958e-02 2.126744e-02 2.243891e-02 2.334304e-02 2.743697e-02 2.884413e-02 3.636748e-02 4.088226e-02 4.208242e-02 5.239830e-02 5.177746e-02 7.252086e-02 8.819978e-02 1.195941e-01 2.995331e-01 1.000000e+00 3.262330e-01 1.254724e-01 9.603382e-02 5.702531e-02 5.410568e-02 4.029630e-02 4.077793e-02 3.903509e-02 3.237933e-02 3.039272e-02 3.567771e-02 2.966697e-02 2.445097e-02 2.215215e-02 1.760764e-02 1.252369e-02 1.219765e-02 8.022688e-03 1.167693e-02 1.014186e-02 8.951773e-03 3.844921e-03 5.542517e-03 7.301442e-03 7.460926e-03 7.804323e-03 7.762597e-03 8.356298e-03 7.073836e-03 8.695408e-03 6.532047e-03 6.121684e-03 4.317600e-03 6.066775e-03 4.345606e-03 4.842055e-03 5.534895e-03 5.608222e-03 5.242372e-03 6.717631e-03 5.647694e-03 6.094257e-03 5.932079e-03 5.921270e-03 5.618981e-03 4.709220e-03 5.343906e-03 5.402185e-03 6.118732e-03 6.459849e-03 6.273264e-03 5.908960e-03 5.649270e-03 6.054068e-03 5.553683e-03 4.527109e-03 3.850150e-03 4.617595e-03 2.608658e-03 2.552970e-03 5.169139e-03 3.623279e-03 4.122152e-03 3.506639e-03 3.189146e-03 2.433946e-03 3.603068e-03 3.223924e-03 2.947164e-03 3.607374e-03
1.555231e-02 1.592763e-02 1.572125e-02 1.605425e-02 1.684350e-02 1.691665e-02 1.620568e-02 1.806824e-02 2.151127e-02 2.010709e-02 1.466165e-02 2.258059e-02 2.270808e-02 2.341472e-02 2.435817e-02 2.617825e-02 3.646349e-02 3.451644e-02 3.910221e-02 3.880582e-02 5.026263e-02 5.143469e-02 6.080320e-02 7.786793e-02 8.583510e-02 1.339592e-01 3.262330e-01 1.000000e+00 2.671477e-01 1.536209e-01 7.120628e-02 6.525152e-02 5.274148e-02 5.278426e-02 4.606269e-02 3.917393e-02 3.496457e-02 3.628047e-02 3.519621e-02 2.284195e-02 2.481286e-02 2.286344e-02 1.591224e-02 1.302391e-02 1.397570e-02 1.443532e-02 1.070439e-02 7.872572e-03 4.105373e-03 6.460155e-03 7.027414e-03 7.678385e-03 7.648631e-03 8.029740e-03 7.758563e-03 6.897728e-03 8.361415e-03 4.649683e-03 5.504305e-03 3.673926e-03 5.757986e-03 7.332305e-03 5.804972e-03 5.745662e-03 6.899891e-03 7.297465e-03 7.365049e-03 6.009961e-03 6.766269e-03 5.179735e-03 7.225569e-03 8.049787e-03 5.386354e-03 7.100673e-03 5.127223e-03 6.136014e-03 6.346178e-03 6.233057e-03 6.498395e-03 5.629818e-03 4.387797e-03 5.271009e-03 6.445029e-03 4.216365e-03 4.382566e-03 2.310822e-03 3.346085e-03 3.873188e-03 4.368281e-03 2.909176e-03 4.849601e-03 3.339943e-03 3.515312e-03 3.327254e-03 3.212824e-03 1.997971e-03 2.641189e-03
1.280069e-02 1.595206e-02 1.525232e-02 1.325113e-02 1.572176e-02 1.606939e-02 1.205676e-02 1.671334e-02 1.743742e-02 1.433835e-02 1.394644e-02 1.950771e-02 2.234714e-02 2.565166e-02 2.015389e-02 2.562657e-02 3.238459e-02 3.882496e-02 3.209959e-02 3.252162e-02 4.730537e-02 4.437444e-02 4.877956e-02 6.235176e-02 6.431585e-02 8.556200e-02 1.254724e-01 2.671477e-01 1.000000e+00 3.221970e-01 1.127067e-01 8.858988e-02 6.136352e-02 5.207864e-02 4.364532e-02 4.067334e-02 3.548146e-02 3.715806e-02 3.298426e-02 2.111659e-02 2.497843e-02 2.267780e-02 1.534462e-02 1.345775e-02 1.146156e-02 1.320448e-02 1.113265e-02 9.387844e-03 4.868012e-03 5.768625e-03 7.291261e-03 7.543951e-03 6.750973e-03 7.824651e-03 7.097021e-03 6.449799e-03 6.622053e-03 6.891796e-03 7.459222e-03 4.954826e-03 6.400900e-03 4.890600e-03 4.425004e-03 4.004383e-03 5.560187e-03 5.225566e-03 5.698012e-03 3.219266e-03 7.154340e-03 7.896798e-03 5.354897e-03 6.596390e-03 4.717418e-03 4.780037e-03 4.810303e-03 6.848977e-03 6.559394e-03 4.113086e-03 7.600021e-03 6.403173e-03 4.300357e-03 6.650442e-03 6.378159e-03 6.428087e-03 3.573810e-03 3.271338e-03 3.869949e-03 4.723916e-03 4.109172e-03 3.058761e-03 3.334319e-03 4.773687e-03 3.828066e-03 1.268147e-03 2.449066e-03 3.411542e-03 2.386158e-03
1.384147e-02 1.686575e-02 1.621235e-02 1.569242e-02 1.772126e-02 1.872155e-02 1.476626e-02 1.655101e-02 2.050640e-02 1.749685e-02 1.817909e-02 2.114217e-02 2.088701e-02 2.412247e-02 2.303992e-02 3.006409e-02 3.677111e-02 4.302256e-02 4.111048e-02 3.877085e-02 4.548226e-02 4.254478e-02 4.890631e-02 6.207718e-02 6.372365e-02 7.789998e-02 9.603382e-02 1.536209e-01 3.221970e-01 1.000000e+00 3.936832e-01 1.783349e-01 9.170601e-02 7.831536e-02 5.866959e-02 5.276968e-02 4.336068e-02 4.695482e-02 4.629302e-02 3.146436e-02 3.394974e-02 2.333823e-02 1.700884e-02 1.552787e-02 1.536905e-02 1.641352e-02 1.253524e-02 1.140105e-02 4.101674e-03 8.077139e-03 9.478461e-03 9.614904e-03 8.011761e-03 8.932274e-03 8.164989e-03 8.600608e-03 8.071802e-03 8.826438e-03 7.515772e-03 8.131825e-03 6.328078e-03 8.790838e-03 1.014955e-02 6.298132e-03 9.099650e-03 6.495519e-03 6.457831e-03 5.842261e-03 6.542103e-03 6.750088e-03 6.737787e-03 7.720832e-03 5.770801e-03 6.633608e-03 5.989505e-03 8.407522e-03 6.705842e-03 7.138320e-03 5.656513e-03 5.892591e-03 6.012128e-03 5.556812e-03 4.202440e-03 4.605739e-03 4.032401e-03 2.572596e-03 5.671692e-03 4.024486e-03 4.345773e-03 3.848680e-03 4.560217e-03 4.379726e-03 5.298321e-03 3.545873e-03 3.301641e-03 4.024279e-03 3.752974e-03
1.022164e-02 1.077189e-02 1.289192e-02 1.228712e-02 1.376813e-02 1.205681e-02 1.276285e-02 1.175622e-02 1.503934e-02 1.408511e-02 1.415055e-02 1.572240e-02 1.861161e-02 1.924846e-02 1.931522e-02 1.954766e-02 2.532535e-02 2.970765e-02 2.808660e-02 2.414735e-02 3.276764e-02 3.405650e-02 3.820270e-02 4.010452e-02 3.990970e-02 4.957165e-02 5.702531e-02 7.120628e-02 1.127067e-01 3.936832e-01 1.000000e+00 2.833958e-01 9.354526e-02 7.457493e-02 5.406537e-02 5.035677e-02 3.796392e-02 3.905601e-02 3.267044e-02 2.110756e-02 2.371937e-02 1.967368e-02 1.693029e-02 1.141767e-02 1.004661e-02 1.226924e-02 1.105202e-02 8.011893e-03 4.622636e-03 7.481944e-03 6.782438e-03 6.052084e-03 9.208076e-03 7.190557e-03 6.864090e-03 7.988727e-03 9.275190e-03 8.601219e-03 7.083232e-03 2.863958e-03 5.209934e-03 3.980644e-03 8.403915e-03 2.851903e-03 5.279920e-03 6.562865e-03 5.888221e-03 5.408531e-03 5.371778e-03 5.542556e-03 4.067982e-03 4.807174e-03 3.650070e-03 5.874122e-03 4.377508e-03 5.869235e-03 5.294448e-03 5.252577e-03 5.412701e-03 5.174821e-03 3.781106e-03 4.078580e-03 3.928645e-03 4.205029e-03 2.508363e-03 2.628529e-03 3.507840e-03 5.046528e-03 3.229279e-03 3.485498e-03 2.202608e-03 4.381962e-03 2.035660e-03 2.676055e-03 3.322311e-03 2.892482e-03 1.699411e-03
