1.289984e+04 2.076964e+03 1.264328e+03 7.936761e+02 6.644227e+02 5.233314e+02 4.703278e+02 4.378907e+02 4.745391e+02 4.075333e+02 3.552025e+02 3.228224e+02 3.002447e+02 3.333136e+02 2.792564e+02 2.776878e+02 2.895538e+02 2.257136e+02 1.930823e+02 1.809017e+02 2.041531e+02 1.816968e+02 1.704813e+02 1.739086e+02 1.959137e+02 1.779443e+02 1.610775e+02 1.894658e+02 1.632548e+02 1.552670e+02 1.386271e+02 1.708345e+02 1.413904e+02 1.316035e+02 1.484395e+02 1.356744e+02 1.410232e+02 1.336270e+02 1.277853e+02 1.336352e+02 1.182343e+02 9.272348e+01 7.271294e+01 6.364224e+01 7.654022e+01 6.796229e+01 6.115179e+01 5.251681e+01 4.041482e+01 3.943889e+01 5.193064e+01 5.478616e+01 5.509270e+01 5.239103e+01 5.373970e+01 6.147486e+01 6.903644e+01 3.950781e+01 4.433319e+01 4.040298e+01 5.393906e+01 4.180333e+01 5.246482e+01 5.094915e+01 3.720850e+01 4.480657e+01 3.704190e+01 4.460029e+01 5.062169e+01 6.526420e+01 4.011051e+01 5.409591e+01 3.882713e+01 5.095055e+01 3.487999e+01 6.013654e+01 4.784423e+01 4.880893e+01 5.084983e+01 3.860776e+01 3.795977e+01 4.540667e+01 4.667974e+01 3.584552e+01 3.382067e+01 3.223007e+01 3.033853e+01 3.349084e+01 3.093296e+01 4.244278e+01 3.130507e+01 3.909194e+01 3.453835e+01 2.856187e+01 2.484517e+01 3.336747e+01 3.169009e+01
2.076964e+03 1.107294e+04 4.000664e+03 1.571006e+03 1.035557e+03 6.823309e+02 6.289062e+02 6.236918e+02 5.650704e+02 4.950482e+02 4.060493e+02 4.302039e+02 3.664736e+02 3.936509e+02 3.641227e+02 3.462938e+02 2.742973e+02 2.488026e+02 1.973043e+02 1.895310e+02 2.011857e+02 2.269150e+02 1.842112e+02 2.023144e+02 1.895748e+02 1.795139e+02 1.646613e+02 1.797738e+02 1.884901e+02 1.752838e+02 1.353502e+02 1.941354e+02 1.660030e+02 1.897120e+02 1.548809e+02 1.680753e+02 1.108740e+02 1.307402e+02 1.430469e+02 1.525584e+02 1.439229e+02 1.070034e+02 7.718629e+01 8.452578e+01 9.249274e+01 7.559560e+01 5.310416e+01 5.756874e+01 3.650004e+01 4.109843e+01 4.509651e+01 4.928601e+01 5.830799e+01 7.263448e+01 5.861122e+01 5.347223e+01 7.793652e+01 5.120868e+01 3.803691e+01 3.767922e+01 4.719193e+01 3.834396e+01 5.299394e+01 6.415408e+01 5.559535e+01 6.151984e+01 6.879620e+01 4.159357e+01 3.143127e+01 4.125967e+01 5.031278e+01 5.359194e+01 4.534415e+01 4.601523e+01 4.312683e+01 5.126332e+01 6.687231e+01 5.854514e+01 6.173781e+01 5.634161e+01 5.490604e+01 5.014608e+01 4.864397e+01 4.833520e+01 3.945349e+01 3.395945e+01 3.424973e+01 5.155695e+01 3.957690e+01 3.656629e+01 2.945073e+01 3.152259e+01 3.018658e+01 3.224403e+01 2.804818e+01 4.064304e+01 4.173813e+01
1.264328e+03 4.000664e+03 1.157647e+04 3.207620e+03 1.615562e+03 9.252434e+02 8.157617e+02 6.562872e+02 5.936649e+02 5.345870e+02 4.137828e+02 4.225834e+02 4.201656e+02 3.512312e+02 3.520665e+02 3.119187e+02 2.913245e+02 2.254568e+02 2.525451e+02 2.031438e+02 1.969868e+02 1.921316e+02 1.621616e+02 1.921432e+02 1.896625e+02 1.611723e+02 1.772069e+02 1.814341e+02 1.842741e+02 1.722815e+02 1.656308e+02 1.481902e+02 1.790266e+02 1.745906e+02 1.706200e+02 1.258144e+02 1.401885e+02 1.588245e+02 1.500319e+02 1.557020e+02 1.301797e+02 9.558854e+01 9.358445e+01 8.090985e+01 8.237000e+01 8.182010e+01 6.880347e+01 6.064734e+01 2.940960e+01 4.856824e+01 5.668437e+01 5.886689e+01 5.637740e+01 5.417707e+01 6.462436e+01 6.160209e+01 6.782043e+01 6.708233e+01 4.064882e+01 3.067929e+01 3.679790e+01 3.422251e+01 5.123930e+01 4.277926e+01 4.539276e+01 5.287369e+01 5.347554e+01 6.138292e+01 5.801838e+01 5.129171e+01 5.351161e+01 4.940738e+01 5.261135e+01 6.340061e+01 3.807290e+01 3.616978e+01 6.465815e+01 5.438683e+01 4.398480e+01 5.447613e+01 5.049843e+01 5.171812e+01 4.572688e+01 3.043197e+01 3.199441e+01 2.579897e+01 4.503738e+01 3.987991e+01 4.501942e+01 3.779389e+01 3.075366e+01 3.047887e+01 3.283548e+01 4.156857e+01 2.621552e+01 3.162957e+01 3.805011e+01
7.936761e+02 1.571006e+03 3.207620e+03 1.249932e+04 3.683841e+03 1.349903e+03 9.875328e+02 8.437267e+02 6.983504e+02 6.235236e+02 4.975313e+02 4.276247e+02 4.142049e+02 3.949088e+02 3.579428e+02 3.167930e+02 3.001541e+02 2.426107e+02 2.230090e+02 1.963352e+02 2.272715e+02 2.180384e+02 2.004045e+02 2.237390e+02 1.882267e+02 2.056969e+02 1.926761e+02 1.925206e+02 1.663552e+02 1.732758e+02 1.640320e+02 1.682875e+02 1.750151e+02 1.719429e+02 1.708332e+02 1.519970e+02 1.394749e+02 1.566340e+02 1.268779e+02 1.156346e+02 1.247319e+02 1.358600e+02 8.701313e+01 5.529156e+01 7.733472e+01 8.118655e+01 7.344493e+01 5.861467e+01 3.695107e+01 5.974236e+01 6.110582e+01 5.870005e+01 5.085532e+01 4.945230e+01 6.245840e+01 5.315841e+01 5.947815e+01 4.630999e+01 6.360659e+01 3.335741e+01 5.121299e+01 3.583179e+01 7.282641e+01 4.341273e+01 4.502588e+01 5.365665e+01 4.916211e+01 4.295992e+01 5.206855e+01 5.783471e+01 6.817387e+01 7.104482e+01 6.214758e+01 4.192546e+01 4.906246e+01 5.437834e+01 4.807005e+01 4.934579e+01 5.566864e+01 4.569649e+01 4.254875e+01 4.269529e+01 3.661812e+01 2.941201e+01 3.805794e+01 3.173454e+01 3.712674e+01 3.533135e+01 3.480843e+01 4.477525e+01 3.302547e+01 3.534880e+01 3.878717e+01 2.343562e+01 3.057899e+01 3.056947e+01 3.231726e+01
6.644227e+02 1.035557e+03 1.615562e+03 3.683841e+03 1.086831e+04 2.861572e+03 1.330492e+03 9.366061e+02 7.965638e+02 6.409934e+02 5.182108e+02 4.963097e+02 5.049223e+02 4.550219e+02 4.463421e+02 3.737184e+02 3.580288e+02 2.816631e+02 2.165027e+02 2.080140e+02 2.237931e+02 2.153042e+02 2.228196e+02 2.104004e+02 1.915308e+02 2.253600e+02 1.887390e+02 1.883464e+02 1.840444e+02 1.824653e+02 1.713923e+02 1.820741e+02 1.620877e+02 1.930487e+02 1.561862e+02 1.508764e+02 1.832075e+02 1.516604e+02 1.526934e+02 1.340641e+02 1.359952e+02 1.544482e+02 1.016840e+02 9.986394e+01 1.188306e+02 1.167782e+02 8.296265e+01 7.718517e+01 5.345874e+01 5.684955e+01 5.614192e+01 6.039036e+01 6.547266e+01 6.382920e+01 6.827299e+01 5.443279e+01 5.834206e+01 6.935606e+01 6.255121e+01 4.840859e+01 4.459246e+01 3.455962e+01 3.652520e+01 6.696102e+01 4.342728e+01 3.737617e+01 4.741665e+01 5.343757e+01 5.021991e+01 4.172533e+01 4.544166e+01 5.354486e+01 6.641200e+01 5.953215e+01 6.407990e+01 5.681833e+01 4.897130e+01 5.716431e+01 6.028167e+01 5.293680e+01 4.707311e+01 3.917068e+01 5.145472e+01 3.402443e+01 3.106689e+01 2.368464e+01 3.745496e+01 3.188260e+01 4.091660e+01 4.185968e+01 3.680783e+01 3.447260e+01 2.947460e+01 3.148353e+01 2.921242e+01 2.322992e+01 4.191809e+01
5.233314e+02 6.823309e+02 9.252434e+02 1.349903e+03 2.861572e+03 1.191758e+04 3.976628e+03 1.723564e+03 1.157500e+03 8.372734e+02 5.986680e+02 5.154572e+02 4.675950e+02 4.604641e+02 4.301367e+02 3.576685e+02 3.713211e+02 3.014680e+02 2.509273e+02 1.893723e+02 2.084789e+02 2.262750e+02 2.059225e+02 1.904423e+02 1.696852e+02 1.662634e+02 1.878776e+02 1.980853e+02 1.969853e+02 2.018555e+02 1.571672e+02 1.557232e+02 1.556915e+02 1.698633e+02 1.768977e+02 1.510972e+02 1.287457e+02 1.544092e+02 1.492125e+02 1.436876e+02 1.455576e+02 1.120962e+02 1.294625e+02 9.226138e+01 1.201201e+02 8.254014e+01 9.742905e+01 7.682552e+01 7.593700e+01 5.700252e+01 4.843815e+01 5.610821e+01 4.965150e+01 6.747388e+01 5.253654e+01 5.416480e+01 4.977447e+01 5.179031e+01 3.022024e+01 5.296378e+01 4.419254e+01 5.479948e+01 4.705692e+01 5.394466e+01 6.312212e+01 5.714892e+01 5.638969e+01 4.829799e+01 4.811053e+01 3.079946e+01 5.696208e+01 3.762766e+01 5.265312e+01 4.675333e+01 3.048250e+01 4.182936e+01 4.778547e+01 4.932026e+01 3.647348e+01 5.801685e+01 4.976101e+01 4.140734e+01 4.236363e+01 3.915789e+01 4.729079e+01 2.535000e+01 3.340715e+01 2.594252e+01 2.703309e+01 3.513961e+01 3.693369e+01 2.781880e+01 2.628924e+01 3.605470e+01 3.365488e+01 3.338130e+01 3.877268e+01
4.703278e+02 6.289062e+02 8.157617e+02 9.875328e+02 1.330492e+03 3.976628e+03 1.279979e+04 3.491629e+03 1.711307e+03 1.038681e+03 6.666107e+02 6.291295e+02 5.348962e+02 5.066660e+02 4.346705e+02 3.605551e+02 3.407930e+02 3.083861e+02 2.343026e+02 2.536586e+02 2.122030e+02 2.228715e+02 1.928385e+02 1.966333e+02 1.688879e+02 1.511706e+02 1.716684e+02 1.966584e+02 1.531695e+02 1.649972e+02 1.724187e+02 1.852862e+02 1.633044e+02 1.822363e+02 1.765601e+02 1.527589e+02 1.738329e+02 1.848838e+02 1.613304e+02 1.524233e+02 1.475063e+02 1.213181e+02 1.042928e+02 6.789856e+01 8.608800e+01 9.063441e+01 8.276913e+01 6.799115e+01 2.917418e+01 5.885559e+01 5.947469e+01 5.329763e+01 5.010047e+01 5.722676e+01 4.191615e+01 5.456158e+01 5.762196e+01 4.555187e+01 3.840326e+01 5.468556e+01 4.015368e+01 4.597201e+01 8.596104e+01 6.365522e+01 5.776797e+01 5.572860e+01 5.175363e+01 1.574782e+01 4.282288e+01 6.006800e+01 4.071727e+01 4.034515e+01 2.537024e+01 5.516938e+01 4.271396e+01 5.315591e+01 4.317154e+01 4.541833e+01 5.454089e+01 4.460854e+01 4.013958e+01 4.943366e+01 4.698087e+01 3.504007e+01 4.272463e+01 4.071526e+01 2.792304e+01 3.090678e+01 3.488987e+01 3.023496e+01 2.542290e+01 4.535234e+01 4.523977e+01 2.863598e+01 2.690241e+01 2.139298e+01 3.574386e+01
4.378907e+02 6.236918e+02 6.562872e+02 8.437267e+02 9.366061e+02 1.723564e+03 3.491629e+03 1.159839e+04 3.911606e+03 1.506203e+03 9.229008e+02 7.761878e+02 6.342363e+02 6.013511e+02 5.056652e+02 4.364743e+02 3.517845e+02 3.082473e+02 2.518670e+02 2.533849e+02 2.616982e+02 2.279691e+02 2.026880e+02 2.043178e+02 2.411598e+02 1.909641e+02 2.149492e+02 2.087174e+02 2.021168e+02 1.760468e+02 1.511826e+02 1.768991e+02 1.692560e+02 1.991380e+02 1.656242e+02 1.635117e+02 1.778264e+02 1.577659e+02 1.451557e+02 1.544993e+02 1.389779e+02 1.205593e+02 9.524708e+01 7.326453e+01 8.808701e+01 8.569855e+01 6.928101e+01 5.221000e+01 4.076957e+01 4.080520e+01 6.447565e+01 6.044834e+01 5.297115e+01 5.285091e+01 5.880560e+01 6.608099e+01 4.178545e+01 5.756775e+01 3.398897e+01 3.721349e+01 5.849346e+01 8.434054e+01 7.799525e+01 3.162853e+01 5.630267e+01 4.519987e+01 4.942094e+01 4.890411e+01 4.085282e+01 4.740269e+01 5.956992e+01 4.566124e+01 5.402475e+01 4.625801e+01 4.021275e+01 4.704586e+01 5.975567e+01 4.718580e+01 4.258551e+01 4.749591e+01 5.983277e+01 4.978830e+01 3.139299e+01 4.319131e+01 3.866655e+01 2.384285e+01 3.305322e+01 3.992750e+01 3.328478e+01 3.605501e+01 3.157986e+01 3.492821e+01 2.697408e+01 3.948391e+01 2.506326e+01 2.923136e+01 2.983704e+01
4.745391e+02 5.650704e+02 5.936649e+02 6.983504e+02 7.965638e+02 1.157500e+03 1.711307e+03 3.911606e+03 9.899300e+03 3.644984e+03 1.370273e+03 9.751313e+02 7.849613e+02 6.792933e+02 5.380815e+02 4.868417e+02 4.196552e+02 3.241335e+02 2.822358e+02 2.595453e+02 2.651443e+02 2.330354e+02 2.053060e+02 2.400823e+02 1.943643e+02 2.498571e+02 2.126157e+02 2.295684e+02 1.948161e+02 2.015099e+02 1.786761e+02 2.070938e+02 1.870729e+02 2.009122e+02 1.787617e+02 2.035857e+02 1.637651e+02 1.850024e+02 1.365598e+02 1.562319e+02 1.386719e+02 9.429439e+01 1.056023e+02 7.429828e+01 9.451218e+01 9.917708e+01 7.522963e+01 6.819416e+01 2.855335e+01 3.897042e+01 5.195520e+01 6.185390e+01 5.390667e+01 5.844415e+01 6.405914e+01 7.476072e+01 5.653434e+01 4.652090e+01 5.125370e+01 3.892498e+01 5.326504e+01 6.041116e+01 3.990441e+01 6.041275e+01 5.693405e+01 5.250099e+01 5.065231e+01 5.791440e+01 5.242761e+01 4.778632e+01 4.615716e+01 5.743506e+01 4.643600e+01 4.908671e+01 5.120614e+01 5.202476e+01 5.926374e+01 5.779963e+01 5.176267e+01 4.626749e+01 4.914248e+01 3.518670e+01 3.574707e+01 4.892351e+01 3.801405e+01 4.968167e+01 5.027337e+01 3.813218e+01 3.973518e+01 3.550988e+01 3.920785e+01 3.012952e+01 3.864181e+01 1.936384e+01 3.909595e+01 4.229847e+01 2.442466e+01
4.075333e+02 4.950482e+02 5.345870e+02 6.235236e+02 6.409934e+02 8.372734e+02 1.038681e+03 1.506203e+03 3.644984e+03 1.128325e+04 2.807058e+03 1.396580e+03 9.490060e+02 8.096176e+02 6.317642e+02 5.012450e+02 4.388857e+02 3.531183e+02 2.751459e+02 2.689159e+02 2.569626e+02 2.093778e+02 2.116150e+02 2.314721e+02 2.397238e+02 2.246613e+02 2.123451e+02 2.290922e+02 1.710238e+02 1.835615e+02 1.786540e+02 1.978046e+02 2.377167e+02 2.059583e+02 1.656320e+02 1.781154e+02 1.787851e+02 1.688653e+02 1.672651e+02 1.718338e+02 1.416260e+02 1.244532e+02 1.057983e+02 9.123856e+01 9.138509e+01 1.069632e+02 6.778893e+01 5.403536e+01 4.710721e+01 4.179061e+01 5.502723e+01 7.075212e+01 6.932370e+01 7.012431e+01 5.790932e+01 5.659755e+01 4.633026e+01 6.977273e+01 6.576745e+01 3.722799e+01 3.429325e+01 4.983304e+01 4.974135e+01 6.021651e+01 5.914084e+01 4.747836e+01 5.444451e+01 5.547888e+01 5.229922e+01 4.287664e+01 7.201775e+01 5.498196e+01 3.688626e+01 6.370668e+01 4.399984e+01 6.242199e+01 5.431838e+01 5.064189e+01 5.184870e+01 3.991211e+01 4.022329e+01 5.543598e+01 4.312179e+01 4.114822e+01 4.061570e+01 3.415193e+01 5.015025e+01 3.064862e+01 4.042555e+01 3.905603e+01 3.427750e+01 4.379000e+01 3.305613e+01 3.250685e+01 3.510223e+01 4.466166e+01 2.798313e+01
3.552025e+02 4.060493e+02 4.137828e+02 4.975313e+02 5.182108e+02 5.986680e+02 6.666107e+02 9.229008e+02 1.370273e+03 2.807058e+03 1.317155e+04 3.232552e+03 1.535968e+03 1.012308e+03 7.226930e+02 5.292264e+02 5.012321e+02 4.097661e+02 3.114725e+02 2.677169e+02 2.889022e+02 2.351084e+02 2.472613e+02 2.505033e+02 2.197657e+02 2.462059e+02 2.289212e+02 1.804867e+02 1.797307e+02 2.060608e+02 1.939220e+02 2.312253e+02 2.026562e+02 1.840606e+02 2.193860e+02 1.880259e+02 1.904994e+02 1.602642e+02 1.923906e+02 1.992723e+02 1.637355e+02 1.271588e+02 1.080225e+02 1.053291e+02 1.015795e+02 9.019535e+01 7.741118e+01 7.171727e+01 4.290884e+01 5.636707e+01 6.626839e+01 5.680375e+01 6.397618e+01 6.343100e+01 5.923187e+01 7.489829e+01 5.955358e+01 6.602589e+01 5.648281e+01 3.496979e+01 5.010921e+01 5.547879e+01 7.329270e+01 3.900956e+01 4.357132e+01 6.267881e+01 5.233132e+01 4.117617e+01 3.527053e+01 4.677189e+01 4.879617e+01 6.007148e+01 5.330583e+01 5.409474e+01 3.747332e+01 6.677938e+01 5.140145e+01 4.588314e+01 5.475179e+01 4.498932e+01 4.093201e+01 4.454069e+01 4.924268e+01 5.021485e+01 2.693083e+01 2.851584e+01 2.737913e+01 4.444697e+01 3.557867e+01 4.446902e+01 1.938820e+01 3.409284e+01 3.400822e+01 3.650164e+01 2.527928e+01 3.262976e+01 1.682285e+01
3.228224e+02 4.302039e+02 4.225834e+02 4.276247e+02 4.963097e+02 5.154572e+02 6.291295e+02 7.761878e+02 9.751313e+02 1.396580e+03 3.232552e+03 1.182947e+04 3.899342e+03 1.541218e+03 9.824712e+02 7.004120e+02 6.086655e+02 4.159389e+02 3.233376e+02 2.879260e+02 2.519689e+02 2.867757e+02 2.339202e+02 2.609224e+02 2.378573e+02 2.451527e+02 2.409034e+02 2.634279e+02 2.382480e+02 2.271103e+02 2.041911e+02 2.124452e+02 2.095536e+02 1.868183e+02 2.063115e+02 2.034316e+02 1.820860e+02 1.783923e+02 1.807830e+02 1.555612e+02 1.575553e+02 1.323102e+02 1.112653e+02 1.018114e+02 9.074551e+01 1.100166e+02 8.020881e+01 5.913994e+01 4.506924e+01 4.474485e+01 3.987688e+01 6.189632e+01 5.945567e+01 7.241093e+01 6.487634e+01 6.090527e+01 6.456982e+01 6.474439e+01 5.932664e+01 5.497722e+01 4.656853e+01 4.511386e+01 3.873978e+01 6.344304e+01 5.196550e+01 5.488939e+01 5.416018e+01 6.487401e+01 6.692245e+01 4.648557e+01 5.651356e+01 3.455139e+01 5.201624e+01 5.058665e+01 3.943473e+01 4.370745e+01 5.532124e+01 5.377164e+01 5.177055e+01 5.487615e+01 5.504796e+01 4.261093e+01 5.037645e+01 3.653511e+01 4.379885e+01 3.478247e+01 4.976652e+01 4.107168e+01 2.893162e+01 4.580395e+01 3.941492e+01 2.772338e+01 3.967830e+01 2.283243e+01 2.860025e+01 3.600994e+01 2.849977e+01
3.002447e+02 3.664736e+02 4.201656e+02 4.142049e+02 5.049223e+02 4.675950e+02 5.348962e+02 6.342363e+02 7.849613e+02 9.490060e+02 1.535968e+03 3.899342e+03 1.059046e+04 3.403711e+03 1.419474e+03 9.320850e+02 6.751122e+02 5.162825e+02 2.962686e+02 3.652915e+02 3.719220e+02 3.070805e+02 2.848256e+02 2.855393e+02 2.727633e+02 2.613474e+02 2.431179e+02 2.506581e+02 2.582377e+02 2.122943e+02 2.287056e+02 2.271893e+02 1.957387e+02 2.206145e+02 2.322366e+02 2.054884e+02 1.882004e+02 2.224864e+02 1.862319e+02 1.250634e+02 1.712675e+02 1.057953e+02 1.126821e+02 8.542857e+01 1.045507e+02 9.692920e+01 9.124128e+01 8.163074e+01 3.381572e+01 4.499883e+01 4.671762e+01 6.055627e+01 6.973472e+01 6.292308e+01 6.027647e+01 4.944391e+01 8.008175e+01 8.514633e+01 5.665309e+01 4.810315e+01 4.923455e+01 7.452595e+01 4.095761e+01 4.471675e+01 5.868644e+01 5.250494e+01 6.271423e+01 6.416297e+01 5.631419e+01 5.212543e+01 5.339266e+01 6.550105e+01 5.804937e+01 6.394671e+01 5.685320e+01 5.741202e+01 5.848835e+01 5.568983e+01 5.801846e+01 6.553860e+01 5.143205e+01 5.068167e+01 4.506656e+01 3.976281e+01 3.730230e+01 3.677374e+01 3.600016e+01 4.168609e+01 3.764669e+01 3.950558e+01 3.452773e+01 3.568238e+01 3.050899e+01 3.983029e+01 3.023760e+01 3.706961e+01 3.615764e+01
3.333136e+02 3.936509e+02 3.512312e+02 3.949088e+02 4.550219e+02 4.604641e+02 5.066660e+02 6.013511e+02 6.792933e+02 8.096176e+02 1.012308e+03 1.541218e+03 3.403711e+03 1.102352e+04 3.068858e+03 1.242307e+03 8.941003e+02 5.522427e+02 4.591944e+02 3.857429e+02 3.214505e+02 3.210523e+02 2.942939e+02 2.949605e+02 2.765130e+02 2.848570e+02 2.617016e+02 2.636896e+02 3.024238e+02 2.501420e+02 2.413190e+02 2.502056e+02 2.858295e+02 2.631211e+02 2.204959e+02 2.053088e+02 2.368390e+02 2.279337e+02 2.178967e+02 2.019806e+02 1.804941e+02 1.679500e+02 1.311413e+02 1.220560e+02 9.954355e+01 1.219101e+02 1.072488e+02 8.416232e+01 5.989364e+01 4.726510e+01 7.513823e+01 6.635849e+01 6.476714e+01 5.448565e+01 8.410561e+01 7.237773e+01 5.509004e+01 6.505497e+01 6.064666e+01 5.006363e+01 5.072874e+01 6.254706e+01 6.610444e+01 5.584706e+01 5.114979e+01 5.107853e+01 6.129723e+01 7.073862e+01 5.482226e+01 5.951984e+01 4.826540e+01 4.530724e+01 7.173512e+01 4.995099e+01 7.005763e+01 5.036648e+01 6.622884e+01 3.709409e+01 6.124892e+01 4.186509e+01 4.597791e+01 6.189011e+01 3.956931e+01 4.540348e+01 4.883614e+01 2.449439e+01 3.596869e+01 3.817884e+01 3.408748e+01 3.183149e+01 4.401410e+01 4.965701e+01 3.810289e+01 1.808885e+01 3.776395e+01 3.203217e+01 3.371762e+01
2.792564e+02 3.641227e+02 3.520665e+02 3.579428e+02 4.463421e+02 4.301367e+02 4.346705e+02 5.056652e+02 5.380815e+02 6.317642e+02 7.226930e+02 9.824712e+02 1.419474e+03 3.068858e+03 1.208359e+04 3.754537e+03 1.267688e+03 7.587941e+02 5.600721e+02 4.379125e+02 4.313386e+02 3.524987e+02 3.507735e+02 3.818260e+02 3.098557e+02 3.102561e+02 2.850360e+02 2.872014e+02 2.487695e+02 2.501403e+02 2.535321e+02 2.921810e+02 2.668417e+02 2.451031e+02 2.611002e+02 2.265965e+02 2.438863e+02 2.285934e+02 2.173260e+02 2.199901e+02 2.323309e+02 1.688540e+02 1.482244e+02 1.180648e+02 1.164503e+02 1.340210e+02 1.086348e+02 7.749136e+01 5.352536e+01 7.156902e+01 6.819823e+01 5.845797e+01 7.588617e+01 7.532102e+01 6.898636e+01 6.256449e+01 7.143109e+01 4.178661e+01 6.385238e+01 4.144092e+01 5.860054e+01 5.839203e+01 5.142757e+01 4.622824e+01 7.473364e+01 3.909340e+01 3.857404e+01 6.019218e+01 6.442444e+01 4.213748e+01 4.703539e+01 6.305453e+01 7.480661e+01 5.820053e+01 6.393062e+01 5.180975e+01 7.779167e+01 5.681470e+01 5.360637e+01 4.442879e+01 5.449611e+01 5.147559e+01 4.606973e+01 4.327037e+01 4.199257e+01 2.667842e+01 4.369610e+01 4.347317e+01 3.840711e+01 4.160367e+01 2.720839e+01 3.744321e+01 2.628353e+01 2.626897e+01 3.187665e+01 2.943700e+01 3.147775e+01
2.776878e+02 3.462938e+02 3.119187e+02 3.167930e+02 3.737184e+02 3.576685e+02 3.605551e+02 4.364743e+02 4.868417e+02 5.012450e+02 5.292264e+02 7.004120e+02 9.320850e+02 1.242307e+03 3.754537e+03 1.275016e+04 2.949627e+03 9.858868e+02 6.475887e+02 5.623929e+02 4.906429e+02 4.092103e+02 3.688727e+02 3.897291e+02 3.616219e+02 3.179710e+02 3.441425e+02 3.170606e+02 3.249291e+02 3.352823e+02 2.635651e+02 3.102254e+02 2.841800e+02 2.964829e+02 2.873697e+02 2.602807e+02 2.747652e+02 2.842078e+02 2.404938e+02 2.241866e+02 2.287824e+02 2.351743e+02 1.822923e+02 1.386634e+02 1.238132e+02 1.535283e+02 1.269607e+02 1.027123e+02 7.542747e+01 7.258979e+01 6.308389e+01 8.234006e+01 7.167828e+01 8.445154e+01 7.453557e+01 5.497900e+01 6.277059e+01 7.142390e+01 8.146751e+01 5.800413e+01 6.194965e+01 3.375817e+01 7.135635e+01 9.283741e+01 5.970248e+01 6.432610e+01 5.489428e+01 5.846214e+01 4.723843e+01 6.746104e+01 5.598468e+01 5.388808e+01 6.727455e+01 7.460958e+01 5.245963e+01 5.109588e+01 7.195789e+01 7.445154e+01 5.509588e+01 7.029745e+01 5.279354e+01 4.959928e+01 4.983188e+01 4.288438e+01 2.751411e+01 5.552492e+01 4.007078e+01 4.370980e+01 3.404658e+01 3.206976e+01 4.044852e+01 4.008710e+01 3.838811e+01 2.733637e+01 3.447976e+01 3.025495e+01 2.881385e+01
2.895538e+02 2.742973e+02 2.913245e+02 3.001541e+02 3.580288e+02 3.713211e+02 3.407930e+02 3.517845e+02 4.196552e+02 4.388857e+02 5.012321e+02 6.086655e+02 6.751122e+02 8.941003e+02 1.267688e+03 2.949627e+03 1.140590e+04 2.897513e+03 1.004366e+03 7.692728e+02 7.045798e+02 5.110601e+02 4.703122e+02 4.249902e+02 3.733706e+02 3.962930e+02 3.421895e+02 4.177023e+02 3.883680e+02 3.878611e+02 3.229651e+02 3.558963e+02 3.313423e+02 2.935232e+02 3.247983e+02 3.145241e+02 3.242045e+02 3.246734e+02 2.680756e+02 2.454157e+02 2.647231e+02 2.295191e+02 1.858861e+02 1.668008e+02 1.593030e+02 1.432147e+02 1.158530e+02 9.628226e+01 6.183322e+01 6.452879e+01 6.596156e+01 7.954035e+01 8.094909e+01 6.894067e+01 6.627888e+01 7.671764e+01 7.342104e+01 7.535213e+01 6.551209e+01 6.489603e+01 4.830721e+01 5.849779e+01 7.418983e+01 5.923057e+01 5.268055e+01 7.998537e+01 7.490973e+01 5.210024e+01 4.533620e+01 5.698863e+01 7.109664e+01 6.179551e+01 6.295137e+01 7.643149e+01 8.367354e+01 7.281768e+01 7.906614e+01 7.626959e+01 7.196263e+01 5.587083e+01 4.382341e+01 4.972708e+01 4.555765e+01 5.016069e+01 4.795824e+01 2.405407e+01 3.124647e+01 4.430933e+01 5.194351e+01 3.876149e+01 3.855014e+01 2.500735e+01 3.741793e+01 3.552734e+01 3.893934e+01 3.342236e+01 3.902427e+01
2.257136e+02 2.488026e+02 2.254568e+02 2.426107e+02 2.816631e+02 3.014680e+02 3.083861e+02 3.082473e+02 3.241335e+02 3.531183e+02 4.097661e+02 4.159389e+02 5.162825e+02 5.522427e+02 7.587941e+02 9.858868e+02 2.897513e+03 9.505445e+03 2.887014e+03 1.334428e+03 9.461284e+02 6.859413e+02 6.525352e+02 5.571976e+02 4.891006e+02 4.498512e+02 3.938618e+02 3.609575e+02 4.250476e+02 4.142735e+02 3.458517e+02 3.791759e+02 3.765998e+02 3.594134e+02 3.673106e+02 3.751219e+02 3.325950e+02 3.401779e+02 3.517620e+02 2.700992e+02 2.949355e+02 2.701879e+02 2.188545e+02 2.034452e+02 1.775904e+02 1.750531e+02 1.781414e+02 1.282650e+02 1.135137e+02 1.053153e+02 9.927698e+01 8.266658e+01 8.231413e+01 7.744815e+01 8.278533e+01 7.251373e+01 6.862883e+01 1.039009e+02 7.555103e+01 9.978742e+01 6.128068e+01 5.936645e+01 6.797150e+01 7.049951e+01 6.734659e+01 5.388610e+01 6.787687e+01 6.058467e+01 7.428604e+01 6.796834e+01 5.907213e+01 6.062270e+01 7.351978e+01 6.946249e+01 6.761832e+01 9.063082e+01 8.304432e+01 9.434590e+01 6.540111e+01 4.368433e+01 5.053881e+01 4.766186e+01 5.439312e+01 4.713477e+01 5.336665e+01 5.085678e+01 5.170184e+01 4.179653e+01 3.904803e+01 4.970007e+01 3.852982e+01 3.912550e+01 3.058982e+01 3.104728e+01 3.685170e+01 4.156699e+01 3.700351e+01
1.930823e+02 1.973043e+02 2.525451e+02 2.230090e+02 2.165027e+02 2.509273e+02 2.343026e+02 2.518670e+02 2.822358e+02 2.751459e+02 3.114725e+02 3.233376e+02 2.962686e+02 4.591944e+02 5.600721e+02 6.475887e+02 1.004366e+03 2.887014e+03 1.137486e+04 4.418988e+03 1.799690e+03 1.119446e+03 8.687548e+02 6.921776e+02 5.885880e+02 5.155557e+02 4.843422e+02 4.473199e+02 3.844261e+02 4.330422e+02 3.576906e+02 3.382606e+02 4.101829e+02 3.895821e+02 3.894869e+02 3.909703e+02 3.037818e+02 3.135277e+02 3.274181e+02 2.378024e+02 2.678303e+02 2.211143e+02 1.879422e+02 1.629091e+02 1.675414e+02 1.568074e+02 1.364657e+02 8.787096e+01 6.380739e+01 6.436208e+01 6.799542e+01 5.828412e+01 8.409296e+01 7.618539e+01 6.471218e+01 9.248280e+01 5.620081e+01 6.064273e+01 9.449155e+01 3.640116e+01 5.788192e+01 4.253879e+01 8.582928e+01 8.411301e+01 5.993308e+01 4.839553e+01 6.897597e+01 5.740390e+01 5.994157e+01 5.409593e+01 7.091297e+01 8.170336e+01 7.926817e+01 7.843029e+01 4.425182e+01 7.084489e+01 6.744377e+01 6.923368e+01 7.668475e+01 5.156963e+01 4.916241e+01 5.551969e+01 4.074677e+01 4.716110e+01 5.172783e+01 4.452456e+01 3.233170e+01 2.027904e+01 3.204948e+01 4.628921e+01 3.706860e+01 1.653182e+01 2.308711e+01 2.974939e+01 3.554842e+01 3.119266e+01 1.876226e+01
1.809017e+02 1.895310e+02 2.031438e+02 1.963352e+02 2.080140e+02 1.893723e+02 2.536586e+02 2.533849e+02 2.595453e+02 2.689159e+02 2.677169e+02 2.879260e+02 3.652915e+02 3.857429e+02 4.379125e+02 5.623929e+02 7.692728e+02 1.334428e+03 4.418988e+03 1.221651e+04 4.020435e+03 1.634906e+03 1.086546e+03 8.075105e+02 6.262077e+02 5.871323e+02 5.166765e+02 4.600598e+02 4.036324e+02 4.232370e+02 3.186974e+02 3.980311e+02 3.708963e+02 3.655305e+02 3.604957e+02 3.154208e+02 3.366119e+02 3.196021e+02 3.106839e+02 2.884589e+02 2.236909e+02 2.015018e+02 1.469494e+02 1.429734e+02 1.309983e+02 1.376420e+02 1.175884e+02 8.015591e+01 5.612636e+01 5.032380e+01 8.205850e+01 7.529209e+01 9.165304e+01 7.126920e+01 9.276215e+01 4.898487e+01 7.989568e+01 5.588279e+01 4.720214e+01 5.489014e+01 6.242353e+01 8.163936e+01 7.989131e+01 8.390933e+01 5.699290e+01 4.484715e+01 6.637702e+01 6.283662e+01 4.833208e+01 6.344527e+01 5.544585e+01 7.538158e+01 6.352813e+01 6.839933e+01 4.997759e+01 5.255198e+01 7.909999e+01 5.884004e+01 7.217254e+01 5.884769e+01 4.667641e+01 5.711850e+01 4.432602e+01 4.724558e+01 3.653120e+01 3.481312e+01 5.055940e+01 3.875885e+01 2.983219e+01 3.748549e+01 2.777578e+01 3.102240e+01 3.868175e+01 3.795155e+01 2.683637e+01 4.369714e+01 2.933989e+01
2.041531e+02 2.011857e+02 1.969868e+02 2.272715e+02 2.237931e+02 2.084789e+02 2.122030e+02 2.616982e+02 2.651443e+02 2.569626e+02 2.889022e+02 2.519689e+02 3.719220e+02 3.214505e+02 4.313386e+02 4.906429e+02 7.045798e+02 9.461284e+02 1.799690e+03 4.020435e+03 1.046212e+04 3.766657e+03 1.656162e+03 1.091237e+03 8.386276e+02 6.892192e+02 5.953487e+02 5.514408e+02 5.433262e+02 4.594694e+02 4.002123e+02 4.425452e+02 3.819483e+02 3.970044e+02 3.485206e+02 3.106946e+02 3.094092e+02 3.047849e+02 2.864904e+02 2.680682e+02 2.526423e+02 1.839339e+02 1.763382e+02 1.441857e+02 1.167749e+02 1.423449e+02 1.141762e+02 8.320899e+01 6.215438e+01 6.897051e+01 8.013178e+01 7.126289e+01 8.029557e+01 7.467266e+01 7.947984e+01 6.671234e+01 7.270464e+01 6.017243e+01 9.070968e+01 6.519013e+01 5.545258e+01 8.123573e+01 4.431279e+01 6.682470e+01 7.024862e+01 4.858414e+01 6.831263e+01 8.557700e+01 7.362056e+01 7.331411e+01 6.258038e+01 6.865221e+01 7.385748e+01 7.052166e+01 5.997276e+01 7.385640e+01 6.969548e+01 5.711374e+01 8.660654e+01 5.572335e+01 4.640158e+01 5.346260e+01 5.162104e+01 4.094593e+01 3.957524e+01 5.172205e+01 5.477237e+01 3.817138e+01 3.309365e+01 3.920873e+01 4.709778e+01 3.696814e+01 2.793666e+01 4.137919e+01 2.741127e+01 3.963206e+01 2.542775e+01
1.816968e+02 2.269150e+02 1.921316e+02 2.180384e+02 2.153042e+02 2.262750e+02 2.228715e+02 2.279691e+02 2.330354e+02 2.093778e+02 2.351084e+02 2.867757e+02 3.070805e+02 3.210523e+02 3.524987e+02 4.092103e+02 5.110601e+02 6.859413e+02 1.119446e+03 1.634906e+03 3.766657e+03 1.205243e+04 3.488609e+03 1.497025e+03 1.057490e+03 7.894974e+02 6.314259e+02 6.056718e+02 5.470292e+02 4.613051e+02 4.464499e+02 4.626984e+02 3.693217e+02 3.935765e+02 3.974549e+02 3.322114e+02 3.064320e+02 3.148586e+02 2.645868e+02 2.532164e+02 2.419056e+02 2.153585e+02 1.457582e+02 1.436562e+02 1.415204e+02 1.231298e+02 1.235047e+02 9.223058e+01 6.529878e+01 6.841940e+01 7.462708e+01 7.693523e+01 6.606510e+01 9.281678e+01 8.370068e+01 7.632616e+01 7.087635e+01 5.910491e+01 6.088528e+01 6.208663e+01 7.080944e+01 5.276735e+01 6.413378e+01 7.915311e+01 6.409671e+01 7.337289e+01 8.205120e+01 6.657838e+01 7.667826e+01 6.195085e+01 6.300690e+01 7.692400e+01 7.165683e+01 5.659604e+01 6.038151e+01 6.568446e+01 5.981747e+01 4.723460e+01 6.103777e+01 7.131755e+01 5.270729e+01 3.787825e+01 3.988615e+01 4.826342e+01 6.602881e+01 2.820705e+01 4.166562e+01 4.611784e+01 4.893758e+01 3.383653e+01 4.531128e+01 3.834798e+01 4.050297e+01 3.632003e+01 3.261593e+01 1.950773e+01 4.266843e+01
1.704813e+02 1.842112e+02 1.621616e+02 2.004045e+02 2.228196e+02 2.059225e+02 1.928385e+02 2.026880e+02 2.053060e+02 2.116150e+02 2.472613e+02 2.339202e+02 2.848256e+02 2.942939e+02 3.507735e+02 3.688727e+02 4.703122e+02 6.525352e+02 8.687548e+02 1.086546e+03 1.656162e+03 3.488609e+03 1.139010e+04 3.272562e+03 1.703465e+03 1.082320e+03 8.597478e+02 6.960398e+02 5.845773e+02 5.155056e+02 4.868478e+02 4.630800e+02 4.674766e+02 3.694193e+02 4.006240e+02 3.497337e+02 3.490424e+02 3.547760e+02 3.127892e+02 3.007934e+02 2.538318e+02 2.052725e+02 1.468969e+02 1.483690e+02 1.400807e+02 1.396093e+02 1.253045e+02 9.807581e+01 5.543304e+01 6.351170e+01 7.786073e+01 7.137519e+01 9.601012e+01 6.469357e+01 1.075067e+02 7.420657e+01 8.347714e+01 7.605470e+01 7.104874e+01 7.989150e+01 7.592982e+01 6.224139e+01 4.485094e+01 6.365764e+01 5.688139e+01 5.507505e+01 6.081282e+01 6.509344e+01 7.263035e+01 7.208433e+01 8.083438e+01 8.487746e+01 7.393893e+01 5.296462e+01 5.395652e+01 7.442110e+01 7.154412e+01 7.597536e+01 7.272394e+01 7.239603e+01 5.908771e+01 5.130607e+01 4.665863e+01 4.636247e+01 5.005075e+01 3.024677e+01 4.599263e+01 3.132006e+01 5.359288e+01 5.321555e+01 3.389849e+01 4.837766e+01 4.705115e+01 2.405514e+01 4.125193e+01 4.373843e+01 2.974002e+01
1.739086e+02 2.023144e+02 1.921432e+02 2.237390e+02 2.104004e+02 1.904423e+02 1.966333e+02 2.043178e+02 2.400823e+02 2.314721e+02 2.505033e+02 2.609224e+02 2.855393e+02 2.949605e+02 3.818260e+02 3.897291e+02 4.249902e+02 5.571976e+02 6.921776e+02 8.075105e+02 1.091237e+03 1.497025e+03 3.272562e+03 1.029033e+04 4.075260e+03 1.619041e+03 9.938630e+02 8.472609e+02 7.102377e+02 6.219441e+02 4.857842e+02 4.896724e+02 4.088659e+02 4.372038e+02 3.881065e+02 3.441815e+02 3.609447e+02 3.696155e+02 3.301003e+02 2.874229e+02 2.520654e+02 1.874990e+02 1.565751e+02 1.546198e+02 1.372333e+02 1.470206e+02 1.171020e+02 9.186575e+01 5.462385e+01 7.437878e+01 7.627808e+01 8.798563e+01 7.630209e+01 9.187183e+01 8.760680e+01 8.742789e+01 9.005330e+01 7.726835e+01 7.859252e+01 8.613573e+01 8.138002e+01 8.376531e+01 8.592567e+01 5.358657e+01 6.707661e+01 6.737308e+01 7.211175e+01 4.388494e+01 5.966794e+01 6.892670e+01 7.249352e+01 7.287202e+01 5.176254e+01 6.341869e+01 7.517834e+01 6.943654e+01 7.519219e+01 6.232550e+01 7.780482e+01 8.257871e+01 5.928487e+01 5.398639e+01 4.627454e+01 5.351822e+01 4.996355e+01 4.052233e+01 4.920592e+01 5.454831e+01 4.569750e+01 4.634120e+01 4.034333e+01 3.370261e+01 5.252964e+01 3.591037e+01 3.904678e+01 3.477630e+01 3.585908e+01
1.959137e+02 1.895748e+02 1.896625e+02 1.882267e+02 1.915308e+02 1.696852e+02 1.688879e+02 2.411598e+02 1.943643e+02 2.397238e+02 2.197657e+02 2.378573e+02 2.727633e+02 2.765130e+02 3.098557e+02 3.616219e+02 3.733706e+02 4.891006e+02 5.885880e+02 6.262077e+02 8.386276e+02 1.057490e+03 1.703465e+03 4.075260e+03 1.158131e+04 3.046635e+03 1.429661e+03 9.908037e+02 7.772078e+02 6.773048e+02 5.128528e+02 5.455368e+02 4.418142e+02 4.755485e+02 4.151432e+02 3.660492e+02 3.747374e+02 3.684916e+02 3.630146e+02 2.693702e+02 2.409498e+02 2.158098e+02 1.620586e+02 1.071465e+02 1.263230e+02 1.388790e+02 1.268270e+02 9.392231e+01 4.470354e+01 5.453006e+01 5.488690e+01 7.190324e+01 7.587621e+01 9.054787e+01 8.595223e+01 9.719037e+01 8.113506e+01 7.586854e+01 7.723441e+01 8.197298e+01 6.991751e+01 8.940821e+01 8.590302e+01 8.737850e+01 5.447247e+01 8.790439e+01 5.823741e+01 7.842365e+01 5.249394e+01 8.662785e+01 7.278951e+01 7.441393e+01 6.803085e+01 8.136586e+01 6.717292e+01 7.636005e+01 6.378912e+01 6.748551e+01 6.665935e+01 6.835359e+01 5.904558e+01 6.039297e+01 5.461212e+01 4.956170e+01 4.676205e+01 4.456281e+01 5.285382e+01 3.315089e+01 4.170013e+01 3.937963e+01 4.869434e+01 3.937954e+01 5.430132e+01 5.046070e+01 3.606971e+01 3.824384e+01 4.491161e+01
1.779443e+02 1.795139e+02 1.611723e+02 2.056969e+02 2.253600e+02 1.662634e+02 1.511706e+02 1.909641e+02 2.498571e+02 2.246613e+02 2.462059e+02 2.451527e+02 2.613474e+02 2.848570e+02 3.102561e+02 3.179710e+02 3.962930e+02 4.498512e+02 5.155557e+02 5.871323e+02 6.892192e+02 7.894974e+02 1.082320e+03 1.619041e+03 3.046635e+03 1.192750e+04 3.633824e+03 1.569246e+03 1.049291e+03 8.402659e+02 6.464627e+02 6.303762e+02 5.077523e+02 4.584053e+02 4.694619e+02 4.082669e+02 3.836405e+02 3.749008e+02 2.964497e+02 2.931988e+02 2.422963e+02 1.907714e+02 1.461505e+02 1.272979e+02 1.342878e+02 1.446874e+02 1.187765e+02 7.687299e+01 5.442569e+01 6.128241e+01 7.564951e+01 8.213703e+01 6.520786e+01 8.819221e+01 7.819639e+01 7.973314e+01 6.197983e+01 1.009895e+02 7.761320e+01 6.505514e+01 6.582861e+01 4.398091e+01 8.366820e+01 5.937579e+01 7.921457e+01 7.950197e+01 6.235433e+01 6.528497e+01 6.178000e+01 8.569252e+01 7.689760e+01 6.876118e+01 6.535948e+01 5.317579e+01 5.871508e+01 8.263721e+01 6.136257e+01 6.504515e+01 8.075269e+01 7.767121e+01 6.988998e+01 5.815716e+01 7.656331e+01 3.184632e+01 4.934097e+01 2.170174e+01 4.085618e+01 3.075090e+01 4.859947e+01 4.136340e+01 4.215780e+01 3.008240e+01 4.876257e+01 4.807950e+01 3.624661e+01 3.104075e+01 5.156720e+01
1.610775e+02 1.646613e+02 1.772069e+02 1.926761e+02 1.887390e+02 1.878776e+02 1.716684e+02 2.149492e+02 2.126157e+02 2.123451e+02 2.289212e+02 2.409034e+02 2.431179e+02 2.617016e+02 2.850360e+02 3.441425e+02 3.421895e+02 3.938618e+02 4.843422e+02 5.166765e+02 5.953487e+02 6.314259e+02 8.597478e+02 9.938630e+02 1.429661e+03 3.633824e+03 1.233925e+04 3.887014e+03 1.565067e+03 1.053594e+03 7.563929e+02 6.788257e+02 5.273008e+02 4.863868e+02 4.743459e+02 3.696837e+02 3.749080e+02 4.063592e+02 3.294207e+02 3.234539e+02 2.574226e+02 2.114788e+02 1.517773e+02 1.351122e+02 9.605204e+01 1.341387e+02 1.230841e+02 9.356725e+01 4.862029e+01 6.501043e+01 7.996994e+01 8.013405e+01 8.932028e+01 9.226144e+01 9.451031e+01 8.297337e+01 9.862541e+01 7.921520e+01 7.600124e+01 5.745552e+01 7.300166e+01 5.304098e+01 5.917201e+01 7.072317e+01 6.665077e+01 6.146114e+01 7.816418e+01 7.217253e+01 7.564855e+01 7.360768e+01 7.037069e+01 6.599216e+01 5.889115e+01 6.321058e+01 7.305833e+01 7.336119e+01 7.323240e+01 7.339832e+01 6.817142e+01 6.372210e+01 7.358418e+01 6.457107e+01 5.129742e+01 4.379708e+01 5.467360e+01 3.635041e+01 2.874233e+01 6.524316e+01 4.302789e+01 4.912844e+01 4.119169e+01 3.653131e+01 2.890120e+01 4.414411e+01 3.736189e+01 3.466217e+01 4.169831e+01
1.894658e+02 1.797738e+02 1.814341e+02 1.925206e+02 1.883464e+02 1.980853e+02 1.966584e+02 2.087174e+02 2.295684e+02 2.290922e+02 1.804867e+02 2.634279e+02 2.506581e+02 2.636896e+02 2.872014e+02 3.170606e+02 4.177023e+02 3.609575e+02 4.473199e+02 4.600598e+02 5.514408e+02 6.056718e+02 6.960398e+02 8.472609e+02 9.908037e+02 1.569246e+03 3.887014e+03 1.150503e+04 3.217626e+03 1.627417e+03 9.120057e+02 7.905067e+02 6.664155e+02 6.079397e+02 5.404913e+02 4.318760e+02 4.164692e+02 3.990116e+02 3.773750e+02 2.917756e+02 2.784243e+02 2.651593e+02 1.862110e+02 1.393026e+02 1.615696e+02 1.601220e+02 1.254428e+02 7.945678e+01 5.012822e+01 7.316753e+01 7.432127e+01 7.963312e+01 8.452750e+01 9.215399e+01 8.473173e+01 7.812487e+01 9.157526e+01 5.444801e+01 6.598599e+01 4.720840e+01 6.690290e+01 8.641740e+01 6.849931e+01 7.089114e+01 7.918113e+01 8.261221e+01 8.274976e+01 7.416038e+01 8.110145e+01 6.206163e+01 8.291794e+01 9.128905e+01 6.504224e+01 8.110171e+01 6.695484e+01 7.103800e+01 6.946925e+01 7.041954e+01 7.239305e+01 6.131851e+01 5.149715e+01 5.917662e+01 7.051784e+01 4.631325e+01 5.010601e+01 3.109269e+01 3.637582e+01 4.720466e+01 5.009085e+01 3.347947e+01 5.500776e+01 3.694277e+01 4.030587e+01 3.936278e+01 3.595261e+01 2.269029e+01 2.947992e+01
1.632548e+02 1.884901e+02 1.842741e+02 1.663552e+02 1.840444e+02 1.969853e+02 1.531695e+02 2.021168e+02 1.948161e+02 1.710238e+02 1.797307e+02 2.382480e+02 2.582377e+02 3.024238e+02 2.487695e+02 3.249291e+02 3.883680e+02 4.250476e+02 3.844261e+02 4.036324e+02 5.433262e+02 5.470292e+02 5.845773e+02 7.102377e+02 7.772078e+02 1.049291e+03 1.565067e+03 3.217626e+03 1.260900e+04 3.573276e+03 1.511212e+03 1.123558e+03 8.117074e+02 6.279314e+02 5.361343e+02 4.694272e+02 4.424381e+02 4.278210e+02 3.702375e+02 2.823814e+02 2.934215e+02 2.753357e+02 1.879865e+02 1.506908e+02 1.387159e+02 1.533354e+02 1.365774e+02 9.919200e+01 6.222684e+01 6.839813e+01 8.072661e+01 8.190665e+01 7.810469e+01 9.401001e+01 8.114043e+01 7.647613e+01 7.592546e+01 8.448654e+01 9.361366e+01 6.665209e+01 7.785953e+01 6.034194e+01 5.466334e+01 5.172302e+01 6.679829e+01 6.193013e+01 6.702100e+01 4.158661e+01 8.977293e+01 9.905198e+01 6.433155e+01 7.831358e+01 5.963502e+01 5.715552e+01 6.576103e+01 8.300926e+01 7.516931e+01 4.864703e+01 8.863434e+01 7.301110e+01 5.283694e+01 7.816339e+01 7.305768e+01 7.391715e+01 4.277492e+01 4.608012e+01 4.404306e+01 6.027190e+01 4.932857e+01 3.685110e+01 3.959329e+01 5.527653e+01 4.594945e+01 1.570601e+01 2.869065e+01 4.056001e+01 2.788191e+01
1.552670e+02 1.752838e+02 1.722815e+02 1.732758e+02 1.824653e+02 2.018555e+02 1.649972e+02 1.760468e+02 2.015099e+02 1.835615e+02 2.060608e+02 2.271103e+02 2.122943e+02 2.501420e+02 2.501403e+02 3.352823e+02 3.878611e+02 4.142735e+02 4.330422e+02 4.232370e+02 4.594694e+02 4.613051e+02 5.155056e+02 6.219441e+02 6.773048e+02 8.402659e+02 1.053594e+03 1.627417e+03 3.573276e+03 9.754598e+03 4.642875e+03 1.989354e+03 1.066968e+03 8.305463e+02 6.338891e+02 5.356822e+02 4.755668e+02 4.755033e+02 4.570393e+02 3.700799e+02 3.507742e+02 2.492264e+02 1.832777e+02 1.529292e+02 1.636040e+02 1.676437e+02 1.352625e+02 1.059546e+02 4.611599e+01 8.423524e+01 9.230309e+01 9.181837e+01 8.152731e+01 9.439207e+01 8.210719e+01 8.969603e+01 8.140099e+01 9.517107e+01 8.296285e+01 9.621388e+01 6.770285e+01 9.540074e+01 1.102792e+02 7.155244e+01 9.615347e+01 6.770908e+01 6.680956e+01 6.638073e+01 7.220338e+01 7.447078e+01 7.119583e+01 8.062305e+01 6.416489e+01 6.976556e+01 7.201974e+01 8.962584e+01 6.759188e+01 7.425896e+01 5.802303e+01 5.909685e+01 6.497192e+01 5.744377e+01 4.233859e+01 4.658297e+01 4.245080e+01 3.187309e+01 5.677397e+01 4.516349e+01 4.588552e+01 4.078318e+01 4.762822e+01 4.460650e+01 5.593756e+01 3.862636e+01 3.401999e+01 4.208234e+01 3.857120e+01
1.386271e+02 1.353502e+02 1.656308e+02 1.640320e+02 1.713923e+02 1.571672e+02 1.724187e+02 1.511826e+02 1.786761e+02 1.786540e+02 1.939220e+02 2.041911e+02 2.287056e+02 2.413190e+02 2.535321e+02 2.635651e+02 3.229651e+02 3.458517e+02 3.576906e+02 3.186974e+02 4.002123e+02 4.464499e+02 4.868478e+02 4.857842e+02 5.128528e+02 6.464627e+02 7.563929e+02 9.120057e+02 1.511212e+03 4.642875e+03 1.425840e+04 3.822081e+03 1.315849e+03 9.561818e+02 7.062365e+02 6.180326e+02 5.034047e+02 4.781806e+02 3.899633e+02 3.001549e+02 2.962955e+02 2.540050e+02 2.205617e+02 1.359523e+02 1.292996e+02 1.515074e+02 1.441840e+02 9.002041e+01 6.283633e+01 9.433687e+01 7.985368e+01 6.987476e+01 1.132856e+02 9.186852e+01 8.345248e+01 1.007285e+02 1.130870e+02 1.121270e+02 9.453057e+01 4.096821e+01 6.739040e+01 5.222826e+01 1.103975e+02 3.917222e+01 6.745255e+01 8.270985e+01 7.364898e+01 7.429697e+01 7.167850e+01 7.392942e+01 5.196932e+01 6.068979e+01 4.906743e+01 7.469043e+01 6.363825e+01 7.564452e+01 6.451974e+01 6.606265e+01 6.712686e+01 6.274572e+01 4.940228e+01 5.097496e+01 4.785292e+01 5.141946e+01 3.192591e+01 3.937278e+01 4.245288e+01 6.847002e+01 4.122350e+01 4.465446e+01 2.781293e+01 5.395734e+01 2.598372e+01 3.524409e+01 4.138809e+01 3.656900e+01 2.111625e+01
